                   12   5.2876979166274189        5.0311621915556186       -7.7583412554424953     
                   73   5.4764842060515289        6.3711224382184275       -6.6485210567007993     
                   93   4.9961776703472038        2.5267605231094135       -8.6633535969722573     
                   69   5.0698007492305388        3.2878458229826628       -8.8039599787368523     
                  160   5.2510459222170569        4.9721471871776277       -8.3201168666455398     
                    1   5.2044755540037944        4.3135764926334801       -8.0466462517551225     
                    8   5.3661071934745648        5.9839843265022630       -7.8110919581104969     
                  111   5.0974954915828095        3.5995350333265579       -8.8801536585211966     
                  120   5.2264416296356666        4.4824507971545389       -7.9378756713449228     
                  137   5.1668421484263218        4.3172785120845107       -8.8367557422787169     
                  122   5.1655977807872571        4.3098715452114051       -8.8494977871672358     
                   87   5.4432294645694101        6.4516695179262031       -7.1970517762100181     
                   67   4.6914441657352981      -0.19593952804592046       -9.3536695625989825     
                   77   5.4887161554771451        6.6301173975200820       -6.7515052696330899     
                  124   5.2378187030069929        4.8666062416247922       -8.3936799123787580     
                   43   5.2396864277069159        5.0006503533595223       -8.5878680333074406     
                   75   5.2916496679116207        5.3692198089668945       -8.2084067231402642     
                  149   5.2586363050086291        5.0363362972299379       -8.2840781151712424     
                   36   4.6964493543831081      -0.15707763819033294       -9.8537026500135543     
                   50   5.2006365621780217        4.5369168511905373       -8.5418593424748561     
                  101   5.1330329268129713        4.0702422261410636       -9.0986620950154915     
                  162   5.2394503832880686        4.6969773092425147       -8.0707353981510170     
                  151   5.2214653434413512        4.5515929495745437       -8.1548324612147329     
                  152   5.1803694110788543        4.3062937223026898       -8.5200963463992636     
                   76   5.5104655163313661        6.5708051584345704       -6.4062681721031591     
                   62   5.3533351940103602        5.4863610452942968       -7.3542175626064745     
                   59   4.5892246914975043       -1.1874586609418509       -9.5924575935006260     
                   52   5.1734944591074088        4.1240806191984900       -8.3008489811629378     
                   33   5.2689669906830447        4.9740180249426649       -7.9943372874078564     
                   89   4.6615835054613495      -0.46362999837897234       -9.1177382701618654     
                  132   5.2498379318015074        5.0405312949311121       -8.4577323149436836     
                  116   5.1823447077605937        4.3151651709138079       -8.4959214301272983     
                  109   5.1689369512652616        4.3647633630258653       -8.8867023487402896     
                  154   5.1620887376909534        3.9619943914204225       -8.2082432453823042     
                  142   5.1728829964982586        4.2805349560992596       -8.6289938693418087     
                   40   5.1918766014126598        4.2259162621039819       -8.1273908857931776     
                    4   5.1953226353104833        4.2677639159300478       -8.1392235269569699     
                   51   5.1602799330523998        4.2482197572388136       -8.8420480811527522     
                   94   5.1121746535090704        3.8245862701029942       -9.0514053406598052     
                   47   4.6737204883945465      -0.35413502330677571       -9.1536669889660072     
                   54   5.2075386291715846        4.4027937639369910       -8.1530022558559256     
                   91   5.2431564466695102        4.5666996382968428       -7.7804105717811236     
                   25   4.9218382178933737        1.8931024860665304       -8.9059209780777806     
                  147   5.2780198589265659        5.3288495855390261       -8.3942475289832448     
                   26   5.1297157298587681        4.0276293315652865       -9.0841270181678464     
                   23   4.9139541118395567        1.8761589930893210       -9.1815552708311348     
                   53   5.2809691511226227        5.2308879415748271       -8.1864730888798043     
                  119   5.2347658387634732        4.6793683621010755       -8.1278234728296539     
                  136   5.1889979478030677        4.5664296420016477       -8.8443854974860852     
                   95   5.0553596161363474        3.1050814089520751       -8.6956913190581435     
