                 3922   2.2398893521323302       -6.2441979371477370        7.8962618887352480     
                 3798   1.9917499152789426       -4.1876207190580645        9.3532804170498096     
                 1445   2.2386248431283118       -6.1808334543594130        7.8364794847084207     
                  290   2.0709405203225164       -4.5583128270924140        8.3410768012962322     
                 1365   2.0091696427031422       -4.1777092514851342        8.9115940630775761     
                  857   1.7409628638638854       -1.6313418367517611        9.4940246100754297     
                 3540   1.9906948607671353       -4.0305161827363927        9.0279057065432333     
                 1752   1.6740137732262554       -1.0470272334482842        10.107848417024474     
                   64   1.9389042414325544       -3.6527926528765846        9.4708478891145287     
                 2542   1.7420519117090199       -1.6740305545867784        9.6792923822090202     
                 3364   2.1239143711881425       -5.2015707155966266        8.4249121508899165     
                  814   1.6871325333491971       -1.2151248957587804        10.397778128117929     
                 2353   2.0667462268962566       -4.8409890695690860        8.9473103119177502     
                 1797   1.8388105004470781       -2.6031554136062640        9.4790705885278470     
                  395   2.0264121921257887       -4.5125577803911572        9.2092966487532824     
                 2381   2.1627488550150415       -5.7020488444818493        8.4803053737280507     
                 3528   1.9969304721709125       -4.1989422700248769        9.2497839259730128     
                  593   1.8826275527445979       -3.1024790636857849        9.6246317538495880     
                 3848   2.0630884273089229       -4.9623885763453153        9.2523882328305991     
                 1010   1.6498756132225847      -0.79398712239301272        10.019455065112904     
                 2591   1.9822215496193536       -4.0207577613543197        9.2150163476303479     
                 3844   2.1034047927318156       -5.2819117250638978        8.9611057889364325     
                 2587   2.0018093094493161       -4.2735286555810008        9.2933578008589652     
                 1583   2.0234675152528894       -4.5611609903710955        9.3782773128447534     
                  582   1.6053652990843310      -0.35165297326955836        10.168450552758673     
                 3026   2.0059395661571502       -4.1476709462815462        8.9223928408547764     
                  456   2.0166894070126600       -4.3619614130369406        9.1254455578201004     
                 3226   1.9952792164828017       -4.3026319548794820        9.5199340864675701     
                 2875   2.1264093585932500       -5.2733783179107121        8.4937368093621917     
                 1474   2.1996874237485726       -5.8363096649522648        8.0233264887773963     
                 2174   2.0864053660233028       -5.1761544704732714        9.1331119608783347     
                 3894   2.0982554593408622       -5.1573716952832056        8.8537211809010223     
                 3750   2.0383500464469635       -4.3237263787915534        8.5636621538646764     
                 2886   2.2866678379303389       -6.7279773128719444        7.7351753378476422     
                 3723   2.0021922068750646       -4.2676024509043717        9.2711167223167639     
                 3200   2.0744080134793168       -4.8541968248399785        8.8097728061154523     
                  243   2.1024748837583296       -5.0598624218737731        8.6026619594869018     
                 2350   2.1042623589933491       -4.9008855929499084        8.2983939344553423     
                 2310   1.7939397040891685       -2.2173804374795152        9.7715396936887622     
                 3483   2.0492319412965436       -4.5135860576832618        8.7030014815758499     
                 2633   2.1356131641955751       -5.4408971163479389        8.5861892381723059     
                 1980   2.2881500664840497       -6.4171900978857046        7.3558153918544456     
                  301   1.9355175310201316       -3.4246587089485043        8.9697105758509998     
                 2160   2.0693215477403921       -4.7218211074701779        8.6736142111668979     
                   60   2.0566497609286598       -4.8064127481759380        9.1017858068738136     
                 2441   2.1145428810740738       -5.3150059481962835        8.7919077700343760     
                 3749   2.0483237064480502       -4.4185583123674474        8.5387374527688156     
                 1252   2.1182845903639134       -5.2558416708684836        8.6210149830432581     
                  190   2.0834686208764115       -4.7158422616986595        8.3781731006843820     
                  849   2.0137956250621962       -4.1152969718920414        8.6738307741030738     
