  0.50000000000000000       0.12059198779692783     
  0.54998553240740744       0.17047945307757789     
  0.59997106481481477       0.24074529335643138     
  0.65002893518518523       0.46760192251472427     
  0.67997685185185186       0.66495017986664640     
  0.70001446759259256        1.4447645935167133     
  0.70999710648148151        4.5208326247134423     
  0.71997974537037035        10.326083952692304     
  0.73003472222222221        10.704207849459836     
  0.74001736111111116        12.971688943176122     
  0.75000000000000000        6.7940281358887296     
  0.75998263888888884        3.0305177802461909     
  0.78002025462962965        2.1241915479104532     
  0.79998553240740744        1.7903145881909994     
  0.82002314814814814        1.1569113127764610     
  0.83998842592592593        1.0677111753855923     
  0.86002604166666663        1.3964126116755924     
  0.87999131944444442       0.72712927414734485     
  0.90002893518518523        1.4409654108301055     
  0.91999421296296291      -0.37033200576943981     
  0.94003182870370372      -0.49573351389088188     
  0.95001446759259256        2.7955612696207384     
  0.95999710648148151        10.666178402748427     
  0.96997974537037035        2.2911285299689768     
  0.98003472222222221        4.3377886750421508     
  0.99001736111111116        2.0084796200791208     
  0.99898726851851849        0.0000000000000000     
