  0.50000000000000000       0.30187906962991967     
  0.54976851851851849       0.50414994148693970     
  0.60011574074074070       0.85480825565240237     
  0.64988425925925930        1.3227453678529257     
  0.67013888888888884        3.5865773002820460     
  0.67997685185185186        5.6241138741228545     
  0.68981481481481477        8.6517448293165220     
  0.70023148148148151        11.466979260954155     
  0.71006944444444442        4.2348382203845496     
  0.71990740740740744        4.1782515978442838     
  0.74016203703703709        2.4079541263411790     
  0.75983796296296291        1.8148428486492689     
  0.78009259259259256        1.4917133662755826     
  0.79976851851851849        1.4092255809767984     
  0.82002314814814814        1.2764424691045968     
  0.84027777777777779        1.3437144804742651     
  0.85995370370370372        1.1020080412115973     
  0.88020833333333337        1.3281265788305483     
  0.89988425925925930        1.3108647242040985     
  0.92013888888888884       0.36143759253994262     
  0.93981481481481477       0.62194582716324387     
  0.95023148148148151        5.8471267789974029     
  0.96006944444444442        2.4114603019775425     
  0.96990740740740744        2.0974894854714115     
  0.97974537037037035        2.0035482453253763     
  0.99016203703703709        2.0168845289317661     
  0.99884259259259256        0.0000000000000000     
