  0.50000000000000000        1.6920646387851097E-004   3.2830470035735237E-005   3.0558245772128670E-004   1.3637599384277573E-004
  0.54976851851851849        2.6005417638033646E-004   4.7107584448013025E-005   4.7300076831265992E-004   2.1294659193232343E-004
  0.60011574074074070        6.6246961062998197E-004   3.0386919688277534E-004   1.0210700243771886E-003   3.5860041374720662E-004
  0.64988425925925930        1.3983772891373700E-003   4.6599723035072537E-004   2.3307573479240144E-003   9.3238005878664462E-004
  0.67013888888888884        2.3026959980612920E-003   4.2020594305627467E-004   4.1851860530663096E-003   1.8824900550050174E-003
  0.67997685185185186        5.1888881038552473E-003  -1.0826821534128967E-003   1.1460458361123391E-002   6.2715702572681440E-003
  0.68981481481481477        8.4493317489060787E-003   2.0395807259102131E-003   1.4859082771901944E-002   6.4097510229958656E-003
  0.70023148148148151        1.7253745037458218E-002   7.5839988763329001E-003   2.6923491198583536E-002   9.6697461611253178E-003
  0.71006944444444442        3.1236152003540015E-002   2.5345372134442712E-002   3.7126931872637318E-002   5.8907798690973024E-003
  0.71990740740740744        3.4332817557734874E-002   2.8626333032233942E-002   4.0039302083235806E-002   5.7064845255009322E-003
  0.74016203703703709        4.1224170107442129E-002   4.0108489516924258E-002   4.2339850697960001E-002   1.1156805905178716E-003
  0.75983796296296291        4.3653122046446585E-002   4.2625309071084680E-002   4.4680935021808491E-002   1.0278129753619075E-003
  0.78009259259259256        4.5429301073461721E-002   4.4644227368784824E-002   4.6214374778138619E-002   7.8507370467689936E-004
  0.79976851851851849        4.6646772089847133E-002   4.6002341914162928E-002   4.7291202265531337E-002   6.4443017568420263E-004
  0.82002314814814814        4.7686693787897548E-002   4.6914074671213814E-002   4.8459312904581282E-002   7.7261911668373613E-004
  0.84027777777777779        4.7984367126628111E-002   4.7072121537976741E-002   4.8896612715279480E-002   9.1224558865136702E-004
  0.85995370370370372        4.8180840781879217E-002   4.7867373895673075E-002   4.8494307668085358E-002   3.1346688620614225E-004
  0.88020833333333337        4.7873390358158893E-002   4.7598675051409731E-002   4.8148105664908056E-002   2.7471530674916321E-004
  0.89988425925925930        4.7891485551236013E-002   4.7387894726177805E-002   4.8395076376294220E-002   5.0359082505820702E-004
  0.92013888888888884        4.7449768778321542E-002   4.7077845293612822E-002   4.7821692263030263E-002   3.7192348470871926E-004
  0.93981481481481477        4.5589303540508080E-002   4.3602833430604872E-002   4.7575773650411289E-002   1.9864701099032104E-003
  0.95023148148148151        3.4349526420155319E-002   3.1506164329812375E-002   3.7192888510498262E-002   2.8433620903429431E-003
  0.96006944444444442        5.7737914402303603E-007  -8.4760576524938831E-007   2.0023640532954604E-006   1.4249849092724243E-006
  0.96990740740740744        1.9948028447631686E-007  -6.4684286978506832E-007   1.0458034387377022E-006   8.4632315426138524E-007
  0.97974537037037035        1.7996126564773018E-015   2.2566389034491138E-016   3.3735614226096924E-015   1.5739487661323904E-015
  0.99016203703703709        1.4259408986422125E-015   2.1255458881658226E-016   2.6393272084678427E-015   1.2133863098256302E-015
  0.99884259259259256        3.4030603927330604E-016  -4.6217841395483093E-017   7.2682991994209518E-016   3.8652388066878914E-016
