  0.50000000000000000        1.3120237240038310E-004   3.7131017017732242E-005   2.2527372778303393E-004   9.4071355382650853E-005
  0.55004882812500000        1.8245205264801886E-004   4.8380141261496798E-005   3.1652396403454092E-004   1.3407191138652206E-004
  0.60009765625000000        2.7786989974336101E-004   1.3051205608073242E-004   4.2522774340598957E-004   1.4735784366262859E-004
  0.64990234375000000        8.5038345924747687E-004   2.9107832744386961E-004   1.4096885910510840E-003   5.5930513180360727E-004
  0.66992187500000000        1.3558088528919875E-003   5.2991284728331740E-004   2.1817048585006577E-003   8.2589600560867011E-004
  0.67993164062500000        2.1601711302407919E-003   5.0802028766209584E-004   3.8123219728194878E-003   1.6521508425786961E-003
  0.68994140625000000        4.3935366159874719E-003   6.3976895842203160E-004   8.1473042735529123E-003   3.7537676575654403E-003
  0.69995117187500000        8.1300467500577435E-003   3.1038134328089982E-003   1.3156280067306490E-002   5.0262333172487452E-003
  0.70996093750000000        1.7947251385735382E-002   9.1164131575900090E-003   2.6778089613880757E-002   8.8308382281453730E-003
  0.71997070312500000        2.7835284081874152E-002   2.0018546369959568E-002   3.5652021793788735E-002   7.8167377119145835E-003
  0.72998046875000000        3.6277716746325996E-002   3.3988422011294976E-002   3.8567011481357015E-002   2.2892947350310220E-003
  0.73999023437500000        3.9426675214164340E-002   3.7609540788217675E-002   4.1243809640111005E-002   1.8171344259466618E-003
  0.76000976562500000        4.3395331301033055E-002   4.2766576680672574E-002   4.4024085921393535E-002   6.2875462036047797E-004
  0.78002929687500000        4.5411602864097733E-002   4.4816970712875284E-002   4.6006235015320182E-002   5.9463215122244873E-004
  0.80004882812500000        4.6679332919987847E-002   4.6045914706848025E-002   4.7312751133127669E-002   6.3341821313982411E-004
  0.82006835937500000        4.7663741716275521E-002   4.7195323303756566E-002   4.8132160128794475E-002   4.6841841251895521E-004
  0.84008789062500000        4.8266970635498917E-002   4.7867042684281748E-002   4.8666898586716086E-002   3.9992795121717063E-004
  0.86010742187500000        4.8162293445734354E-002   4.7824520168684645E-002   4.8500066722784063E-002   3.3777327704971155E-004
  0.87988281250000000        4.8089678975020367E-002   4.7703568692112265E-002   4.8475789257928469E-002   3.8611028290810482E-004
  0.89990234375000000        4.7663620495504391E-002   4.7313543214174539E-002   4.8013697776834244E-002   3.5007728132985027E-004
  0.91992187500000000        4.7399645816630295E-002   4.7138819460899373E-002   4.7660472172361218E-002   2.6082635573092456E-004
  0.93994140625000000        4.5909745958917940E-002   4.4539851577645152E-002   4.7279640340190728E-002   1.3698943812727900E-003
  0.94995117187500000        3.5415018663914243E-002   3.4412241855606075E-002   3.6417795472222410E-002   1.0027768083081688E-003
  0.95996093750000000        1.0777725949426456E-006  -1.3020053509260837E-006   3.4575505408113749E-006   2.3797779458687293E-006
  0.96997070312500000        4.4188636111480695E-008  -8.0993575826834491E-008   1.6937084804979590E-007   1.2518221193831519E-007
  0.97998046875000000        1.5902756249682827E-015   1.4828728383872416E-017   3.1657225215526929E-015   1.5754468965844103E-015
  0.98999023437500000        9.9934029321759041E-016   3.0418552292220924E-016   1.6944950635129715E-015   6.9515477029538117E-016
  0.99902343750000000        2.8892713959040001E-016   8.6589732407578281E-017   4.9126454677322175E-016   2.0233740718282173E-016
