  0.50000000000000000        7.3433167449317920E-005   2.8866976359388511E-005   1.1799935853924733E-004   4.4566191089929409E-005
  0.54998553240740744        1.5178131231411538E-004   2.8385791519315335E-005   2.7517683310891543E-004   1.2339552079480005E-004
  0.59997106481481477        1.7737339294348784E-004   5.5611753727522419E-005   2.9913503215945328E-004   1.2176163921596543E-004
  0.65002893518518523        5.8481654261065079E-004   8.4886431619336138E-005   1.0847466536019654E-003   4.9993011099131466E-004
  0.67997685185185186        1.3333678929519680E-003   3.7700123672313607E-004   2.2897345491808001E-003   9.5636665622883196E-004
  0.70001446759259256        5.6549015213693673E-003   2.4819041559536238E-003   8.8278988867851113E-003   3.1729973654157436E-003
  0.70999710648148151        1.0659257818301760E-002   5.2379502549514964E-003   1.6080565381652024E-002   5.4213075633502633E-003
  0.71997974537037035        1.9524313831509710E-002   1.3262338543861838E-002   2.5786289119157584E-002   6.2619752876478720E-003
  0.73003472222222221        3.0004550132290392E-002   2.7890847985192906E-002   3.2118252279387874E-002   2.1137021470974847E-003
  0.74001736111111116        3.5643280755910986E-002   3.2957025498790787E-002   3.8329536013031185E-002   2.6862552571202017E-003
  0.75000000000000000        4.0669634003489261E-002   3.9359389770819847E-002   4.1979878236158674E-002   1.3102442326694138E-003
  0.75998263888888884        4.2904295523207840E-002   4.2107888829178791E-002   4.3700702217236889E-002   7.9640669402904749E-004
  0.78002025462962965        4.5287528907479294E-002   4.4979356240332849E-002   4.5595701574625738E-002   3.0817266714644324E-004
  0.79998553240740744        4.6545870754447334E-002   4.6267901107169725E-002   4.6823840401724943E-002   2.7796964727760986E-004
  0.82002314814814814        4.7545148330938675E-002   4.7271937082475242E-002   4.7818359579402107E-002   2.7321124846343574E-004
  0.83998842592592593        4.7896472980170156E-002   4.7588355126549201E-002   4.8204590833791111E-002   3.0811785362095604E-004
  0.86002604166666663        4.8049686121476698E-002   4.7826688737839060E-002   4.8272683505114336E-002   2.2299738363763485E-004
  0.87999131944444442        4.8017983916240209E-002   4.7859345278160159E-002   4.8176622554320259E-002   1.5863863808005132E-004
  0.90002893518518523        4.7711811426587945E-002   4.7490223291016306E-002   4.7933399562159584E-002   2.2158813557163648E-004
  0.91999421296296291        4.7383582899704374E-002   4.7292037282974007E-002   4.7475128516434741E-002   9.1545616730368033E-005
  0.94003182870370372        4.5702218559667385E-002   4.4975567199852774E-002   4.6428869919481995E-002   7.2665135981461032E-004
  0.95001446759259256        3.5535675698374472E-002   3.4993939702471735E-002   3.6077411694277209E-002   5.4173599590273951E-004
  0.95999710648148151        5.1864409506159307E-006  -2.0220544902772876E-006   1.2394936391509149E-005   7.2084954408932183E-006
  0.96997974537037035        2.4612941230076576E-007  -3.8684340668491715E-007   8.7910223128644867E-007   6.3297281898568291E-007
  0.98003472222222221        1.1406879469181973E-007  -2.1391202233145018E-007   4.4204961171508960E-007   3.2798081702326990E-007
  0.99001736111111116        5.7578121777155899E-016   1.0771581942755575E-016   1.0438466161155621E-015   4.6806539834400324E-016
  0.99898726851851849        1.9024374964568453E-016   7.2776893982652770E-017   3.0771060530871629E-016   1.1746685566303176E-016
