  0.50000000000000000        1.7971713211322314E-004   6.5465157486835094E-005   2.9396910673961117E-004   1.1425197462638805E-004
  0.55004882812500000        2.1076119307027787E-004   9.5256894264656762E-005   3.2626549187589901E-004   1.1550429880562111E-004
  0.60009765625000000        3.2823433974440850E-004   1.3887728869032103E-004   5.1759139079849597E-004   1.8935705105408747E-004
  0.64990234375000000        5.2093974198954153E-004   2.2267176097243879E-004   8.1920772300664432E-004   2.9826798101710274E-004
  0.69995117187500000        1.4948798037894232E-003   5.7351906521599383E-004   2.4162405423628526E-003   9.2136073857342939E-004
  0.71997070312500000        2.9411259808920813E-003   8.1864410950377572E-004   5.0636078522803864E-003   2.1224818713883055E-003
  0.73999023437500000        7.5147633622685544E-003   7.6154448673334662E-004   1.4267982237803761E-002   6.7532188755352078E-003
  0.75000000000000000        1.9071501036393223E-002   9.5520905177033828E-003   2.8590911555083063E-002   9.5194105186898401E-003
  0.76000976562500000        3.1788637389989306E-002   2.4476415336425271E-002   3.9100859443553342E-002   7.3122220535640371E-003
  0.78002929687500000        5.2208958689991300E-002   4.8011983342230821E-002   5.6405934037751779E-002   4.1969753477604753E-003
  0.80004882812500000        6.4193111856062246E-002   5.9029358842107561E-002   6.9356864870016938E-002   5.1637530139546865E-003
  0.82006835937500000        7.2822532928982942E-002   6.9904213524673561E-002   7.5740852333292322E-002   2.9183194043093850E-003
  0.84008789062500000        7.5164334887973444E-002   7.3901881249380741E-002   7.6426788526566147E-002   1.2624536385927067E-003
  0.86010742187500000        7.4509590093488148E-002   7.3331537262286875E-002   7.5687642924689422E-002   1.1780528312012760E-003
  0.87988281250000000        7.1964045937665727E-002   7.0431114097188274E-002   7.3496977778143180E-002   1.5329318404774550E-003
  0.89990234375000000        6.1868867529423478E-002   5.7857546619426228E-002   6.5880188439420728E-002   4.0113209099972499E-003
  0.90991210937500000        5.0334209714009300E-004   6.5353223647606276E-005   9.4133097063257972E-004   4.3798887349248672E-004
  0.91992187500000000        5.3030698404468744E-005  -1.7035391490597246E-005   1.2309678829953473E-004   7.0066089895065990E-005
  0.92993164062500000        1.0274447538392005E-005  -9.7790307419805629E-006   3.0327925818764571E-005   2.0053478280372568E-005
  0.94995117187500000        4.5100339389410949E-008  -3.2568890829812235E-008   1.2276956960863413E-007   7.7669230219223184E-008
  0.95996093750000000        8.3852620108886907E-008  -1.5331840092025820E-007   3.2102364113803204E-007   2.3717102102914510E-007
  0.98999023437500000        7.6297976162808424E-016   4.0056372723156652E-016   1.1253957960246020E-015   3.6241603439651771E-016
