  0.50000000000000000        3.3590422622510526E-004   1.4572408351567017E-004   5.2608436893454037E-004   1.9018014270943509E-004
  0.52001953125000000        4.5523627962493397E-004   1.4851763248141357E-004   7.6195492676845431E-004   3.0671864714352040E-004
  0.54000000000000004        8.9389772503100143E-004   3.0869474011198730E-004   1.4791007099500156E-003   5.8520298491901413E-004
  0.56000000000000005        3.2898306839712855E-003   8.8175354510693386E-004   5.6979078228356368E-003   2.4080771388643517E-003
  0.56999999999999995        4.9287793092533559E-003   2.4140194861934044E-003   7.4435391323133069E-003   2.5147598230599514E-003
  0.57999999999999996        8.1907661940633751E-003   4.9612361008340442E-003   1.1420296287292707E-002   3.2295300932293309E-003
  0.58999999999999997        1.1353805544339408E-002   1.0452803115808139E-002   1.2254807972870678E-002   9.0100242853126985E-004
  0.59999999999999998        1.2935212257587064E-002   1.2428845881759675E-002   1.3441578633414454E-002   5.0636637582738956E-004
  0.62000000000000000        1.4827386781141452E-002   1.4495815210569777E-002   1.5158958351713126E-002   3.3157157057167423E-004
  0.63989257812500000        1.6213284575927127E-002   1.5873407877789951E-002   1.6553161274064303E-002   3.3987669813717581E-004
  0.65991210937500000        1.7232670227304403E-002   1.6933170027966793E-002   1.7532170426642013E-002   2.9950019933761062E-004
  0.68000000000000005        1.8445143165675783E-002   1.8220188930272430E-002   1.8670097401079135E-002   2.2495423540335317E-004
  0.69995117187500000        1.9152406802833609E-002   1.8914804058997897E-002   1.9390009546669321E-002   2.3760274383571056E-004
  0.71997070312500000        1.9978827374502468E-002   1.9696147845401715E-002   2.0261506903603222E-002   2.8267952910075532E-004
  0.75000000000000000        2.0553849007362367E-002   2.0403044920058278E-002   2.0704653094666455E-002   1.5080408730408981E-004
  0.78002929687500000        2.1102125791745030E-002   2.0904305995116109E-002   2.1299945588373951E-002   1.9781979662891969E-004
  0.80004882812500000        2.1190885995378460E-002   2.0948559971193100E-002   2.1433212019563819E-002   2.4232602418536057E-004
  0.82006835937500000        2.1281130440517382E-002   2.1100609598869415E-002   2.1461651282165348E-002   1.8052084164796829E-004
  0.85009765625000000        2.0779692614224195E-002   2.0539504793103666E-002   2.1019880435344723E-002   2.4018782112052687E-004
  0.87988281250000000        1.9920036769296587E-002   1.9705994843550942E-002   2.0134078695042232E-002   2.1404192574564531E-004
  0.89990234375000000        1.9023828549464401E-002   1.8794094884294548E-002   1.9253562214634253E-002   2.2973366516985152E-004
  0.91992187500000000        1.7743082983809284E-002   1.7522959489818492E-002   1.7963206477800076E-002   2.2012349399079355E-004
  0.94995117187500000        1.4759218099682770E-002   1.3375833448541659E-002   1.6142602750823881E-002   1.3833846511411112E-003
  0.97998046875000000        8.8975566138865154E-003   6.9610924060656675E-003   1.0834020821707363E-002   1.9364642078208481E-003
  0.99900000000000000        7.3691053259494765E-015  -7.1996836844701280E-015   2.1937894336369081E-014   1.4568789010419605E-014
