  0.50000000000000000        2.7739080903796419E-002   2.6246867116703827E-002   2.9231294690889011E-002   1.4922137870925932E-003
  0.55004882812500000        3.9114548930735418E-002   3.6904997689201316E-002   4.1324100172269521E-002   2.2095512415341028E-003
  0.60009765625000000        5.4719734038619683E-002   5.2865435325233301E-002   5.6574032752006065E-002   1.8542987133863807E-003
  0.64990234375000000        7.8457894301927594E-002   7.5092426296246656E-002   8.1823362307608533E-002   3.3654680056809435E-003
  0.66992187500000000        9.7290103065616626E-002   9.1342223332383746E-002  0.10323798279884951        5.9478797332328821E-003
  0.67993164062500000       0.10759926735403087        9.8800606889237724E-002  0.11639792781882402        8.7986604647931482E-003
  0.68994140625000000       0.12807792716833130       0.11130824987644440       0.14484760446021819        1.6769677291886897E-002
  0.69995117187500000       0.15138922726645906       0.12911606432228126       0.17366239021063687        2.2273162944177794E-002
  0.70996093750000000       0.24338202826979730       0.17001134019773109       0.31675271634186353        7.3370688072066204E-002
  0.71997070312500000       0.33862053770863521       0.25526230525735832       0.42197877015991209        8.3358232451276881E-002
  0.72998046875000000       0.44864594982926659       0.38709540762979550       0.51019649202873762        6.1550542199471071E-002
  0.73999023437500000       0.50747831803085963       0.46265327082406715       0.55230336523765211        4.4825047206792500E-002
  0.76000976562500000       0.60197011693982427       0.58657405748259794       0.61736617639705060        1.5396059457226371E-002
  0.78002929687500000       0.63782535433538046       0.62271766520259442       0.65293304346816650        1.5107689132786008E-002
  0.80004882812500000       0.67227668203470758       0.66355768188262376       0.68099568218679141        8.7190001520838657E-003
  0.82006835937500000       0.70739710972475967       0.69815862138657403       0.71663559806294530        9.2384883381856613E-003
  0.84008789062500000       0.73398608998844972       0.72777713627551499       0.74019504370138445        6.2089537129346849E-003
  0.86010742187500000       0.74876167957731432       0.73747967491366240       0.76004368424096624        1.1282004663651871E-002
  0.87988281250000000       0.78003219150951131       0.77091646654777213       0.78914791647125049        9.1157249617392164E-003
  0.89990234375000000       0.80279891546047677       0.79354079551290824       0.81205703540804530        9.2581199475685258E-003
  0.91992187500000000       0.82091430105196195       0.80630105752508874       0.83552754457883516        1.4613243526873229E-002
  0.93994140625000000       0.81510079628100274       0.79005575119757288       0.84014584136443260        2.5045045083429911E-002
  0.94995117187500000       0.82859023942278665       0.81239789424825737       0.84478258459731592        1.6192345174529318E-002
  0.95996093750000000       0.91245089542139624       0.90164128124032161       0.92326050960247086        1.0809614181074676E-002
  0.96997070312500000       0.93915150266812319       0.93856947353082232       0.93973353180542407        5.8202913730087918E-004
  0.97998046875000000       0.95986164274526298       0.95960546002401370       0.96011782546651225        2.5618272124925404E-004
  0.98999023437500000       0.97990318213807082       0.97974724168342231       0.98005912259271932        1.5594045464848417E-004
  0.99902343750000000       0.99804687500000000       0.99804687499999989       0.99804687500000011        1.2658490090568387E-016
