  0.50000000000000000        4.4925253007360139E-002   4.2574557677459844E-002   4.7275948337260433E-002   2.3506953299002958E-003
  0.54976851851851849        5.9949327074589928E-002   5.6439159641459971E-002   6.3459494507719885E-002   3.5101674331299562E-003
  0.60011574074074070        8.5331876211953206E-002   8.0019670932605896E-002   9.0644081491300516E-002   5.3122052793473070E-003
  0.64988425925925930       0.12787441671317237       0.11935266921051839       0.13639616421582634        8.5217475026539789E-003
  0.67013888888888884       0.15466613423334147       0.13991123760112686       0.16942103086555607        1.4754896632214593E-002
  0.67997685185185186       0.18995074887732014       0.14305001891013502       0.23685147884450525        4.6900729967185126E-002
  0.68981481481481477       0.24528057287042662       0.20382955573120995       0.28673159000964332        4.1451017139216673E-002
  0.70023148148148151       0.33540291484247436       0.27584378183037717       0.39496204785457156        5.9559133012097185E-002
  0.71006944444444442       0.44821463210880513       0.40950128433345379       0.48692797988415648        3.8713347775351327E-002
  0.71990740740740744       0.48987681367508856       0.44735062484723331       0.53240300250294381        4.2526188827855249E-002
  0.74016203703703709       0.57450575228883283       0.55560525939303684       0.59340624518462881        1.8900492895795967E-002
  0.75983796296296291       0.62188447931174928       0.60838970531580328       0.63537925330769529        1.3494773995945987E-002
  0.78009259259259256       0.65864344904712224       0.65095741682565456       0.66632948126858993        7.6860322214677406E-003
  0.79976851851851849       0.68799429074467422       0.67851449390053953       0.69747408758880891        9.4797968441346549E-003
  0.82002314814814814       0.71653763295195894       0.70349174937023795       0.72958351653367992        1.3045883581720936E-002
  0.84027777777777779       0.74239150240720253       0.73535275735836436       0.74943024745604070        7.0387450488382033E-003
  0.85995370370370372       0.76883032899060821       0.76088854719431132       0.77677211078690511        7.9417817962969279E-003
  0.88020833333333337       0.79115109371422276       0.78417026572648119       0.79813192170196434        6.9808279877416075E-003
  0.89988425925925930       0.81728321389954606       0.80370507223494769       0.83086135556414442        1.3578141664598368E-002
  0.92013888888888884       0.84383429338284655       0.83101219572503982       0.85665639104065328        1.2822097657806709E-002
  0.93981481481481477       0.85094591268050745       0.82673990788924190       0.87515191747177301        2.4206004791265529E-002
  0.95023148148148151       0.85742451504679129       0.84292343520372914       0.87192559488985344        1.4501079843062195E-002
  0.96006944444444442       0.91494833173831636       0.90716630863785819       0.92273035483877452        7.7820231004581165E-003
  0.96990740740740744       0.93867218887582704       0.93733241497419062       0.94001196277746346        1.3397739016364229E-003
  0.97974537037037035       0.95930721274909891       0.95895129890870090       0.95966312658949693        3.5591384039797958E-004
  0.99016203703703709       0.98017750697123840       0.97971689580438903       0.98063811813808777        4.6061116684932335E-004
  0.99884259259259256       0.99768518517377092       0.99768518517377092       0.99768518517377092        0.0000000000000000     
