  0.50000000000000000        1.5405498813927531E-002   1.4419271356562126E-002   1.6391726271292935E-002   9.8622745736540521E-004
  0.54998553240740744        2.1433353528024550E-002   2.0083487200405589E-002   2.2783219855643511E-002   1.3498663276189612E-003
  0.59997106481481477        2.9954859754630896E-002   2.8355424905858195E-002   3.1554294603403595E-002   1.5994348487727002E-003
  0.65002893518518523        4.2006056441743947E-002   4.0107299596167878E-002   4.3904813287320016E-002   1.8987568455760709E-003
  0.67997685185185186        5.6009759850388016E-002   5.2918950557779065E-002   5.9100569142996967E-002   3.0908092926089526E-003
  0.70001446759259256        6.9333776041292289E-002   6.1043045451665334E-002   7.7624506630919243E-002   8.2907305896269545E-003
  0.70999710648148151        8.3756339257822068E-002   6.8250361107053598E-002   9.9262317408590539E-002   1.5505978150768467E-002
  0.71997974537037035       0.12888617882744388        9.9117700067254108E-002  0.15865465758763367        2.9768478760189777E-002
  0.73003472222222221       0.23271471394204396       0.18236429390258976       0.28306513398149813        5.0350420039454197E-002
  0.74001736111111116       0.33957095549481209       0.25307101424648831       0.42607089674313586        8.6499941248323775E-002
  0.75000000000000000       0.46906264199353143       0.40254600741069185       0.53557927657637094        6.6516634582839573E-002
  0.75998263888888884       0.53688497147505920       0.49337695978530605       0.58039298316481236        4.3508011689753143E-002
  0.78002025462962965       0.59760932225111518       0.57006909118030602       0.62514955332192435        2.7540231070809149E-002
  0.79998553240740744       0.64001939655835516       0.62273942086560707       0.65729937225110324        1.7279975692748084E-002
  0.82002314814814814       0.67589303233156883       0.66542885630252246       0.68635720836061520        1.0464176029046372E-002
  0.83998842592592593       0.69899108805540444       0.67702739562938086       0.72095478048142803        2.1963692426023595E-002
  0.86002604166666663       0.72038547430987554       0.70699429112226553       0.73377665749748555        1.3391183187609998E-002
  0.87999131944444442       0.74826523999437089       0.73325675688447012       0.76327372310427166        1.5008483109900784E-002
  0.90002893518518523       0.76283517698357917       0.74043719159775423       0.78523316236940410        2.2397985385824885E-002
  0.91999421296296291       0.79160445167897175       0.77018036114205901       0.81302854221588450        2.1424090536912729E-002
  0.94003182870370372       0.78418388125086591       0.76004723348296377       0.80832052901876805        2.4136647767902135E-002
  0.95001446759259256       0.77923515259657328       0.74630685197832636       0.81216345321482020        3.2928300618246954E-002
  0.95999710648148151       0.80714223124296103       0.66316300213767265       0.95112146034824940       0.14397922910528832     
  0.96997974537037035       0.91361883856206372       0.83685329333361758       0.99038438379050986        7.6765545228446169E-002
  0.98003472222222221       0.93665608289551916       0.87172001125383014        1.0015921545372082        6.4936071641688992E-002
  0.99001736111111116       0.97995866081477701       0.97987121198419114       0.98004610964536287        8.7448830585902824E-005
  0.99898726851851849       0.99797453703655137       0.99797453703653949       0.99797453703656325        1.1826350802566131E-014
