  0.50000000000000000        2.2756251328792148E-002   2.1800490890027908E-002   2.3712011767556388E-002   9.5576043876424092E-004
  0.55004882812500000        2.9919131613780271E-002   2.8832806528468143E-002   3.1005456699092399E-002   1.0863250853121267E-003
  0.60009765625000000        4.0338992107017288E-002   3.9019081704764341E-002   4.1658902509270235E-002   1.3199104022529489E-003
  0.64990234375000000        5.3250299692785788E-002   5.0026621912778679E-002   5.6473977472792897E-002   3.2236777800071052E-003
  0.69995117187500000        7.2861144239643502E-002   6.9015723330353690E-002   7.6706565148933314E-002   3.8454209092898123E-003
  0.71997070312500000        8.5031257064247093E-002   7.8791711005823897E-002   9.1270803122670288E-002   6.2395460584231954E-003
  0.73999023437500000       0.10375363647758407        9.5111273915159861E-002  0.11239599904000827        8.6423625624241999E-003
  0.75000000000000000       0.12631392209176545       0.11500461715358852       0.13762322702994237        1.1309304938176928E-002
  0.76000976562500000       0.16430325310273047       0.14493348702967548       0.18367301917578546        1.9369766073054982E-002
  0.78002929687500000       0.29168715630688041       0.23521626436705700       0.34815804824670382        5.6470891939823409E-002
  0.80004882812500000       0.41117606807433693       0.32089559401009943       0.50145654213857449        9.0280474064237518E-002
  0.82006835937500000       0.54286558750922165       0.49056765071279262       0.59516352430565067        5.2297936796429037E-002
  0.84008789062500000       0.57090193989396698       0.53431037739716158       0.60749350239077238        3.6591562496805362E-002
  0.86010742187500000       0.61422143051639799       0.56583579585893318       0.66260706517386281        4.8385634657464788E-002
  0.87988281250000000       0.63336342527439837       0.59030771641144519       0.67641913413735155        4.3055708862953193E-002
  0.89990234375000000       0.66330209913004778       0.62865795281270853       0.69794624544738704        3.4644146317339281E-002
  0.90991210937500000       0.70361457866386234       0.63088750733634957       0.77634164999137512        7.2727071327512730E-002
  0.91992187500000000       0.72004511085516287       0.59453243936783706       0.84555778234248868        0.12551267148732587     
  0.92993164062500000       0.80612247866162934       0.74367098476811677       0.86857397255514190        6.2451493893512545E-002
  0.94995117187500000       0.88739769310658112       0.86510971437552142       0.90968567183764082        2.2287978731059685E-002
  0.95996093750000000       0.91234526111681624       0.89754521099369811       0.92714531123993438        1.4800050123118146E-002
  0.98999023437500000       0.97998046875000000       0.97998046874999989       0.97998046875000011        1.1102230246251565E-016
