  0.50000000000000000        1.3278203112465761E-002   1.2988574279555593E-002   1.3567831945375929E-002   2.8962883291016743E-004
  0.55004882812500000        1.6066934063452661E-002   1.5091671886029738E-002   1.7042196240875582E-002   9.7526217742292256E-004
  0.60009765625000000        1.9217545808457564E-002   1.7996710114706476E-002   2.0438381502208652E-002   1.2208356937510874E-003
  0.64990234375000000        2.2852920042117923E-002   2.1640671490822775E-002   2.4065168593413070E-002   1.2122485512951480E-003
  0.69995117187500000        3.1316404757703947E-002   2.7025782851928033E-002   3.5607026663479861E-002   4.2906219057759131E-003
  0.75000000000000000        4.7053957451776908E-002   3.3949449736484699E-002   6.0158465167069117E-002   1.3104507715292209E-002
  0.80004882812500000        9.3238681191634878E-002   6.9287301412504276E-002  0.11719006097076548        2.3951379779130609E-002
  0.84008789062500000       0.11788973247163285        7.7916732771056638E-002  0.15786273217220909        3.9972999700576217E-002
  0.86010742187500000       0.14328027706266047        6.2087053785063448E-002  0.22447350034025748        8.1193223277597024E-002
  0.87988281250000000       0.17743130016682959        7.6962286211966782E-002  0.27790031412169242       0.10046901395486281     
  0.89990234375000000       0.19467989742783262        9.5172450987568949E-002  0.29418734386809631        9.9507446440263672E-002
  0.91992187500000000       0.30583758939795935       0.17967699126984105       0.43199818752607766       0.12616059812811831     
  0.93994140625000000       0.56996785403352301       0.31295646716691761       0.82697924090012842       0.25701138686660541     
  0.95996093750000000       0.74629132845692714       0.50255928182034415       0.99002337509351013       0.24373204663658304     
  0.97998046875000000       0.88066534488452375       0.64235858157791292        1.1189721081911346       0.23830676330661088     
  0.98999023437500000       0.97993577486975558       0.97981752597750227       0.98005402376200890        1.1824889225336240E-004
  0.99902343750000000       0.99804687500000000       0.99804687499999989       0.99804687500000011        1.1102230246251565E-016
