  0.50000000000000000        5.4387168543465647E-002   4.7707094146642690E-002   6.1067242940288605E-002   6.6800743968229576E-003
  0.52001953125000000        6.6445392656048680E-002   6.0700283054297095E-002   7.2190502257800257E-002   5.7451096017515826E-003
  0.54000000000000004        8.1947525124550238E-002   7.5184931990734463E-002   8.8710118258366014E-002   6.7625931338157804E-003
  0.56000000000000005       0.14614000770916921        9.7536133580101853E-002  0.19474388183823657        4.8603874129067352E-002
  0.56999999999999995       0.17985976264202522       0.12158778022109251       0.23813174506295792        5.8271982420932705E-002
  0.57999999999999996       0.27028412957796527       0.19055677505005275       0.35001148410587779        7.9727354527912520E-002
  0.58999999999999997       0.36037156702880929       0.31786785001745571       0.40287528404016287        4.2503717011353574E-002
  0.59999999999999998       0.41753658316526920       0.38450019921539152       0.45057296711514688        3.3036383949877672E-002
  0.62000000000000000       0.48571115797353037       0.47039019526022213       0.50103212068683856        1.5320962713308232E-002
  0.63989257812500000       0.52867432555768812       0.51754711686982757       0.53980153424554866        1.1127208687860593E-002
  0.65991210937500000       0.56720174085161945       0.56007827876973337       0.57432520293350553        7.1234620818860358E-003
  0.68000000000000005       0.59934175631872233       0.59515994932766070       0.60352356330978396        4.1818069910616656E-003
  0.69995117187500000       0.62962313150550675       0.62606141965913353       0.63318484335187997        3.5617118463732566E-003
  0.71997070312500000       0.65766143304193947       0.65430457665593944       0.66101828942793950        3.3568563860000805E-003
  0.75000000000000000       0.69311635720799403       0.68970084501787809       0.69653186939810996        3.4155121901158795E-003
  0.78002929687500000       0.73071427765627583       0.72773195078699571       0.73369660452555596        2.9823268692801439E-003
  0.80004882812500000       0.75282737537256517       0.75033190159766638       0.75532284914746395        2.4954737748988320E-003
  0.82006835937500000       0.77744791845250949       0.77535568280847900       0.77954015409653998        2.0922356440304644E-003
  0.85009765625000000       0.81058803012437097       0.80752482501875855       0.81365123522998339        3.0632051056124596E-003
  0.87988281250000000       0.84238635907972925       0.83839815908920157       0.84637455907025694        3.9881999905277072E-003
  0.89990234375000000       0.86718727918590655       0.86429616936728093       0.87007838900453216        2.8911098186255868E-003
  0.91992187500000000       0.88906069522784004       0.88596659404179201       0.89215479641388806        3.0941011860479849E-003
  0.94995117187500000       0.92192967992132446       0.91867419618283808       0.92518516365981085        3.2554837384863667E-003
  0.97998046875000000       0.95676754987505963       0.95361908022134156       0.95991601952877770        3.1484696537180659E-003
  0.98999999999999999       0.96219258491513460       0.95786498165165479       0.96652018817861440        4.3276032634798553E-003
  0.99900000000000000       0.99804687500000000       0.99804687500000000       0.99804687500000000        0.0000000000000000     
