  0.50000000000000000        6.3541109917748667E-002   5.9918534259105920E-002   6.7163685576391421E-002   3.6225756586427478E-003
  0.55004882812500000        8.0316042161157633E-002   7.5775771316850274E-002   8.4856313005464992E-002   4.5402708443073583E-003
  0.60009765625000000       0.10136079520686929        9.8179557100378193E-002  0.10454203331336039        3.1812381064911001E-003
  0.64990234375000000       0.13203338888413763       0.12666874826972652       0.13739802949854873        5.3646406144111213E-003
  0.66992187500000000       0.15731031699214676       0.14793630774113994       0.16668432624315357        9.3740092510068134E-003
  0.67993164062500000       0.17080827921072078       0.15728318551636319       0.18433337290507837        1.3525093694357579E-002
  0.68994140625000000       0.19861979717383210       0.17338828216299407       0.22385131218467014        2.5231515010838038E-002
  0.69995117187500000       0.22988410322820396       0.19675820363529667       0.26301000282111126        3.3125899592907300E-002
  0.70996093750000000       0.36019336897234289       0.25352013815742319       0.46686659978726258       0.10667323081491968     
  0.71997070312500000       0.49105339798590464       0.37172867669288295       0.61037811927892638       0.11932472129302170     
  0.72998046875000000       0.63821709546156780       0.55137479382245858       0.72505939710067702        8.6842301639109248E-002
  0.73999023437500000       0.71049605808692617       0.64875826891987642       0.77223384725397592        6.1737789167049709E-002
  0.76000976562500000       0.81688703036383115       0.79671557248035263       0.83705848824730966        2.0171457883478534E-002
  0.78002929687500000       0.84126061083458092       0.82180918307070505       0.86071203859845680        1.9451427763875817E-002
  0.80004882812500000       0.86260596419865632       0.85233667767795973       0.87287525071935290        1.0269286520696589E-002
  0.82006835937500000       0.88333584892137795       0.87277896883626094       0.89389272900649497        1.0556880085117026E-002
  0.84008789062500000       0.89331979435009967       0.88652132459604405       0.90011826410415530        6.7984697540555868E-003
  0.86010742187500000       0.88965915750175883       0.87694023988955960       0.90237807511395807        1.2718917612199270E-002
  0.87988281250000000       0.90452670752829223       0.89455099284428907       0.91450242221229538        9.9757146840032083E-003
  0.89990234375000000       0.90922611895519911       0.89916825382886933       0.91928398408152889        1.0057865126329736E-002
  0.91992187500000000       0.90961762265534174       0.89481974687771737       0.92441549843296611        1.4797875777624394E-002
  0.93994140625000000       0.89405926299248450       0.86904609015262368       0.91907243583234532        2.5013172839860823E-002
  0.94995117187500000       0.91206970309187341       0.89500276560438141       0.92913664057936540        1.7066937487492006E-002
  0.95996093750000000       0.99180176420352728       0.97992209365857796        1.0036814347484766        1.1879670544949362E-002
  0.96997070312500000       0.99913376204614002       0.99853271521973919       0.99973480887254085        6.0104682640083648E-004
  0.97998046875000000       0.99987075036024986       0.99964594841172361        1.0000955523087762        2.2480194852625874E-004
  0.98999023437500000       0.99992063237743878       0.99976063594416831        1.0000806288107091        1.5999643327046132E-004
  0.99902343750000000        1.0000000000000000       0.99999999999999989        1.0000000000000002        1.6467268631127714E-016
