  0.50000000000000000        1.3973401912893813E-002   1.2990137444837454E-002   1.4956666380950171E-002   9.8326446805635883E-004
  0.55004882812500000        2.0165260678313535E-002   1.8957335735888075E-002   2.1373185620738994E-002   1.2079249424254603E-003
  0.60009765625000000        2.9259974339160895E-002   2.8645278715289494E-002   2.9874669963032296E-002   6.1469562387140035E-004
  0.64990234375000000        4.3674477119327149E-002   4.2197917192296409E-002   4.5151037046357888E-002   1.4765599270307361E-003
  0.66992187500000000        5.4826209483627028E-002   5.1431756537800299E-002   5.8220662429453757E-002   3.3944529458267299E-003
  0.67993164062500000        6.0560454162755704E-002   5.6291298965376060E-002   6.4829609360135348E-002   4.2691551973796458E-003
  0.68994140625000000        7.0930797672053986E-002   6.3208011306692291E-002   7.8653584037415680E-002   7.7227863653616877E-003
  0.69995117187500000        8.2738909028016686E-002   7.2976920306422499E-002   9.2500897749610872E-002   9.7619887215941881E-003
  0.70996093750000000       0.12412252315356369        9.2762848982438348E-002  0.15548219732468904        3.1359674171125340E-002
  0.71997070312500000       0.16586063082405869       0.13176604736270436       0.19995521428541302        3.4094583461354334E-002
  0.72998046875000000       0.21238943141736605       0.18826865704186824       0.23651020579286386        2.4120774375497814E-002
  0.73999023437500000       0.23795468415010879       0.22073901565281578       0.25517035264740179        1.7215668497292998E-002
  0.76000976562500000       0.27812574322663097       0.27288158304978533       0.28336990340347662        5.2441601768456582E-003
  0.78002929687500000       0.30034760541735273       0.29438675794411084       0.30630845289059461        5.9608474732418641E-003
  0.80004882812500000       0.32372733369399370       0.32038765153215321       0.32706701585583420        3.3396821618405115E-003
  0.82006835937500000       0.35239940131655345       0.34944304524850522       0.35535575738460168        2.9563560680482049E-003
  0.84008789062500000       0.38130691164459574       0.37864435964125415       0.38396946364793733        2.6625520033415730E-003
  0.86010742187500000       0.41387287263299449       0.40887757060590668       0.41886817466008230        4.9953020270878225E-003
  0.87988281250000000       0.46104611422913272       0.45678700760240615       0.46530522085585929        4.2591066267265738E-003
  0.89990234375000000       0.52227667544700762       0.51798099941758757       0.52657235147642767        4.2956760294200246E-003
  0.91992187500000000       0.61506823936920463       0.60790938034674402       0.62222709839166523        7.1588590224605612E-003
  0.93994140625000000       0.76599947059101436       0.74901172181342002       0.78298721936860871        1.6987748777594371E-002
  0.94995117187500000       0.88708221775553842       0.87202873203237974       0.90213570347869709        1.5053485723158637E-002
  0.95996093750000000       0.99006370287112866       0.97502279402164094        1.0051046117206164        1.5040908849487691E-002
  0.96997070312500000       0.99833353022167715       0.99458254401644253        1.0020845164269119        3.7509862052346448E-003
  0.97998046875000000       0.99863450045578950       0.99320543321006027        1.0040635677015186        5.4290672457292114E-003
  0.98999023437500000       0.99987872531204380       0.99962573878967742        1.0001317118344102        2.5298652236641588E-004
  0.99902343750000000        1.0000000000000000        1.0000000000000000        1.0000000000000000        4.9650683064945459E-017
