11    77.99  -126.23     0.00     0.33
11    78.64  -118.40     0.00     0.33
11    77.67  -160.80     0.17     0.33
11    68.53  -149.06    12.00     0.33
11    53.84  -148.41    12.00     0.33
11    57.11  -166.35    12.00     0.33
11    80.60  -122.97    12.00     0.33
11    96.59  -136.34    12.00     0.33
11   108.34  -148.08    12.00     0.33
11   120.09  -136.01    12.00     0.33
11    84.52  -197.01    12.00     0.33
11    71.14  -210.05    12.00     0.33
11    58.74  -194.07    12.00     0.33
11    89.41  -179.39    12.05     0.33
11    85.50  -153.63    12.73     0.33
11    45.36  -104.05    12.73     0.33
11    62.33  -101.44    12.79     0.33
11    21.21   -89.70    13.42     0.33
11    44.71   -86.44    13.87     0.33
11     9.46  -100.13    14.44     0.33
11    -2.28  -103.07    14.50     0.33
11    -5.55  -110.57    14.50     0.33
11    15.01  -122.31    14.50     0.33
11    15.34  -133.08    14.61     0.33
11     6.20  -138.30    14.61     0.33
11     8.81  -167.65    14.67     0.33
11    22.84  -165.37    14.67     0.33
11    31.65  -203.20    14.67     0.33
11    16.64  -204.18    15.07     0.33
11    16.32  -193.42    15.80     0.33
11     3.26  -190.81    16.32     0.33
11     4.89  -182.00    16.37     0.33
11    -4.57  -165.37    16.83     0.33
11   -12.40  -163.41    16.94     0.33
11    53.19  -118.73    16.94     0.33
11    38.51  -116.44    16.94     0.33
11    35.57  -106.66    17.00     0.33
11   107.36  -126.23    17.00     0.33
11   118.78  -163.09    18.31     0.33
11    66.57  -228.65    18.36     0.33
11    58.74  -219.84    18.36     0.33
11   -12.73  -152.32    18.36     0.33
11    -6.85  -134.06    18.31     0.33
11    31.65   -97.85    20.35     0.33
11    83.21  -107.96    20.52     0.33
11    77.67  -153.30    23.82     0.33
11   119.76  -135.04    23.82     0.33
11    98.88  -197.33    23.88     0.33
11    85.50  -198.31    23.82     0.33
11    70.49  -212.01    23.82     0.33
11    83.21  -215.93    23.88     0.33
11    54.50  -201.57    23.88     0.33
11   112.26  -170.91    23.88     0.33
11   112.91  -184.29    23.88     0.33
11    23.50   -90.02    23.88     0.33
11    52.54   -86.11    23.88     0.33
11    58.41  -102.09    25.07     0.33
11    -6.85  -106.66    25.07     0.33
11    12.40  -116.77    25.07     0.33
11   -22.84  -139.60    25.07     0.33
11    16.32  -168.30    25.07     0.33
11    15.99  -149.71    25.07     0.33
11   -22.52  -174.83    25.07     0.33
11   -11.42  -177.11    25.07     0.33
11    -6.20  -190.81    25.07     0.33
11    19.25  -209.40    25.07     0.33
11    26.11  -202.88    25.07     0.33
11    37.53  -202.88    25.07     0.33
11   128.57  -192.44    25.07     0.33
11   127.92  -181.68    25.07     0.33
11    76.69  -120.03    26.21     0.33
11    90.07  -133.40    26.21     0.33
11    45.69  -158.85    26.21     0.33
11    38.51  -147.76    26.26     0.33
11    51.56  -143.84    26.26     0.33
11    64.94  -140.25    26.26     0.33
11    88.76   -90.68    26.26     0.33
11   104.42  -102.09    26.26     0.33
11     1.63  -184.29    26.72     0.33
11     5.55  -159.82    26.72     0.33
11     4.24  -142.54    26.72     0.33
11    11.42  -133.73    26.72     0.33
11    12.40  -200.92    26.78     0.33
11    17.62  -190.48    26.78     0.33
11   119.11  -148.73    27.23     0.33
11    72.44  -173.52    27.57     0.33
11    60.70  -178.42    27.57     0.33
11    58.09  -189.18    27.57     0.33
11    54.50  -122.64    27.57     0.33
11    62.98  -111.88    27.57     0.33
11    63.96  -128.19    27.57     0.33
11    95.61   -94.26    27.52     0.33
11   113.56  -124.92    27.52     0.33
11   118.13  -117.10    27.52     0.33
11   102.47  -132.43    27.52     0.33
11   105.40  -140.58    27.52     0.33
11    89.41  -142.21    27.52     0.33
11    97.25  -122.97    27.34     0.33
11    87.78  -118.73    27.40     0.33
11    76.36  -141.88    27.46     0.33
11    77.34  -132.10    27.46     0.33
11    62.00  -152.32    27.46     0.33
11    68.85  -162.43    27.46     0.33
11    53.52  -166.35    27.80     0.33
11    45.69  -114.81    28.08     0.33
11    33.94  -108.62    28.08     0.33
11    40.14   -90.02    28.71     0.33
11    41.44   -82.85    28.71     0.33
11   -11.10  -135.04    28.99     0.33
11   -12.73  -152.65    28.99     0.33
11   -20.88  -165.70    28.99     0.33
11   122.37  -163.41    29.16     0.33
11    52.54  -131.45    20.35     0.33
11    76.69   -97.85    21.66     0.33
11    49.60   -72.08    22.74     0.33
11    78.97  -225.06    31.15     0.33
11    66.24  -225.71    31.78     0.33
11    56.78  -221.80    32.18     0.33
11   103.12  -208.42    32.52     0.33
11    22.52   -88.72    34.68     0.33
11    63.63   -80.24    34.79     0.33
11    80.93  -210.05    35.13     0.33
11   121.72  -183.63    35.13     0.33
11   127.27  -177.44    35.13     0.33
11   101.81  -197.66    35.13     0.33
11   125.64  -195.70    35.13     0.33
11   123.03  -131.45    35.13     0.33
11   121.72  -139.28    35.13     0.33
11    -7.83  -112.53    35.70     0.33
11    -7.51  -102.42    35.70     0.33
11   -22.84  -138.30    35.70     0.33
11   -22.84  -144.82    35.76     0.33
11   -33.94  -155.58    35.76     0.33
11   -43.08  -149.71    35.76     0.33
11   -40.14  -136.67    35.76     0.33
11    12.73  -173.20    35.76     0.33
11   -17.62  -175.48    35.76     0.33
11    -9.14  -196.68    35.76     0.33
11    -0.65  -205.16    35.76     0.33
11    15.34  -211.69    35.76     0.33
11    34.26  -208.42    35.76     0.33
11    59.39  -199.62    35.76     0.33
11    77.34  -197.01    35.76     0.33
11   111.93  -176.79    35.76     0.33
11   118.46  -108.62    35.76     0.33
11    13.38  -189.51    37.24     0.33
11    -1.96  -185.27    37.24     0.33
11    24.80  -197.66    37.24     0.33
11    36.55  -198.31    37.24     0.33
11    68.53  -215.27    37.24     0.33
11   107.36  -189.18    37.24     0.33
11   110.62  -202.23    37.24     0.33
11   150.11  -152.00    37.24     0.33
11   141.63  -124.27    37.29     0.33
11   142.28  -138.62    37.24     0.33
11   105.73  -101.44    37.29     0.33
11   105.40   -87.09    37.35     0.33
11    49.28  -148.41    37.35     0.33
11    76.03  -150.37    37.35     0.33
11    91.05   -87.74    37.35     0.33
11   104.10  -117.75    38.71     0.33
11   105.73  -136.34    38.71     0.33
11    65.92  -116.77   203.92     0.33
11    72.44  -108.62   195.56     0.33
11    90.07  -133.73   194.09     0.33
11    83.87  -126.88   190.90     0.33
11   102.47  -128.51   189.88     0.33
11    95.29  -114.16   189.37     0.33
11    88.43  -107.96   189.37     0.33
11    98.22  -106.33   188.34     0.33
11    93.00   -98.83   187.04     0.33
11    94.63   -89.37   187.15     0.33
11   114.21  -109.59   186.64     0.33
11   126.29  -115.79   186.64     0.33
11   122.37  -131.12   186.41     0.33
11   118.78  -140.91   186.47     0.33
11   103.45  -141.88   185.79     0.33
11    46.99  -146.12   184.48     0.33
11    46.66  -135.69   184.54     0.33
11    26.11  -140.91   184.54     0.33
11    15.66  -126.23   184.54     0.33
11     9.46  -133.40   184.54     0.33
11    29.04  -112.86   184.54     0.33
11    22.19  -108.29   184.54     0.33
11    32.63  -106.33   184.54     0.33
11    45.69  -105.35   184.54     0.33
11    43.73  -100.13   184.54     0.33
11    63.63  -101.11   184.54     0.33
11    47.32   -77.63   184.54     0.33
11    47.64   -88.07   184.54     0.33
11    57.76   -83.50   184.54     0.33
11    83.87   -90.35   184.54     0.33
11    16.64   -88.39   184.54     0.33
11    30.35   -91.00   184.54     0.33
11    14.03  -100.46   184.08     0.33
11    -4.24  -104.05   184.31     0.33
11     8.16  -114.49   184.31     0.33
11     6.53  -124.92   184.31     0.33
11    14.68  -147.76   184.31     0.33
11    61.35  -151.67   184.31     0.33
11    67.88  -143.52   184.31     0.33
11    57.43  -142.21   184.31     0.33
11    81.58  -159.17   183.80     0.33
11    89.41  -147.43   183.68     0.33
11    76.36  -130.79   183.74     0.33
11    62.33  -173.20   177.71     0.33
11    79.30  -172.87   177.54     0.33
11   104.42  -119.71   177.49     0.33
11    87.13  -117.42   177.49     0.33
11    92.02  -108.62   177.49     0.33
11   100.84   -83.83   177.49     0.33
11    87.46   -76.00   177.49     0.33
11    77.34   -76.00   177.54     0.33
11    77.34   -67.52   177.54     0.33
11    63.63   -91.00   176.69     0.33
11    66.57   -83.17   176.97     0.33
11     1.31   -90.35   176.97     0.33
11    13.05   -64.91   176.75     0.33
11    40.14   -62.62   176.80     0.33
11    53.19   -62.30   176.63     0.33
11   126.94  -118.40   176.63     0.33
11   120.41  -107.96   176.63     0.33
11   132.49  -129.16   176.63     0.33
11   103.45   -93.29   175.84     0.33
11    93.33  -132.75   176.18     0.33
11   116.17  -147.43   176.18     0.33
11    46.66  -162.76   176.01     0.33
11    19.58  -172.87   176.01     0.33
11    40.46  -123.62   175.95     0.33
11    52.54  -123.62   175.95     0.33
11    80.93  -102.42   174.98     0.33
11   122.37  -128.84   174.98     0.33
11    62.98   -71.76   174.30     0.33
11    54.50   -82.85   174.36     0.33
11    44.38   -85.46   174.36     0.33
11    46.99  -105.68   174.36     0.33
11    56.13   -99.48   174.36     0.33
11    83.54   -92.96   173.90     0.33
11    87.13   -82.20   173.90     0.33
11    91.37   -96.22   173.79     0.33
11     0.98  -100.46   173.79     0.33
11     9.14  -121.01   173.79     0.33
11    16.97  -125.90   173.79     0.33
11    10.77  -136.99   173.79     0.33
11    28.06  -142.86   173.79     0.33
11    12.40   -99.81   173.79     0.33
11    20.88  -109.92   173.79     0.33
11    30.67  -106.98   173.79     0.33
11    30.35  -100.13   173.79     0.33
11    19.91   -96.22   173.79     0.33
11    20.88   -85.46   173.85     0.33
11     3.92  -129.82   173.85     0.33
11    -8.16  -128.84   173.85     0.33
11    -7.83  -119.05   173.85     0.33
11   -14.68  -101.77   173.85     0.33
11    62.33  -149.71   173.85     0.33
11    45.69  -144.49   173.85     0.33
11   109.32  -182.98   173.85     0.33
11   113.24  -174.50   173.85     0.33
11   100.51  -173.85   173.85     0.33
11   104.10  -163.09   173.85     0.33
11    94.31  -160.15   173.85     0.33
11    72.12  -176.79   173.85     0.33
11    52.21  -171.24   172.31     0.33
11    79.95  -137.64   172.65     0.33
11    78.97  -150.37   172.65     0.33
11    85.50  -153.30   172.65     0.33
11   110.30  -130.79   172.65     0.33
11    83.87  -127.86   172.65     0.33
11    70.49  -121.66   172.71     0.33
11    66.90  -107.31   172.65     0.33
11    74.08   -86.11   172.71     0.33
11    79.30  -165.04   172.71     0.33
11    15.66  -152.00   172.71     0.33
11     1.63  -153.63   172.71     0.33
11     0.98  -141.88   172.71     0.33
11    43.73   -96.55   172.71     0.33
11    68.53  -135.69   172.71     0.33
11   120.09  -161.13   172.71     0.33
11   124.98  -143.52   172.71     0.33
11   117.48   -94.59   172.71     0.33
11   109.97   -73.71   172.71     0.33
11    82.89   -71.76   166.91     0.33
11    72.44   -59.36   166.91     0.33
11    65.27   -58.06   165.60     0.33
11    46.99   -58.71   165.66     0.33
11    15.01   -65.89   165.66     0.33
11    -4.24   -90.35   164.92     0.33
11    45.69   -74.04   165.15     0.33
11   101.81   -68.82   165.15     0.33
11   124.33  -123.29   165.15     0.33
11   133.14  -122.31   165.15     0.33
11   130.53  -113.18   165.15     0.33
11    88.76  -174.83   165.15     0.33
11    78.32  -181.68   164.64     0.33
11   109.65  -147.43   164.92     0.33
11   113.89  -138.30   164.98     0.33
11   124.33  -135.36   164.98     0.33
11    62.33  -175.48   164.98     0.33
11    66.24  -162.43   164.98     0.33
11    32.96  -182.98   164.98     0.33
11    26.11  -185.59   164.98     0.33
11    25.13  -174.83   164.98     0.33
11    16.32  -172.54   164.98     0.33
11    20.56  -162.43   164.98     0.33
11   -31.98  -106.01   164.98     0.33
11   102.47   -87.74   164.98     0.33
11   100.51  -108.29   164.98     0.33
11    76.03  -105.35   164.98     0.33
11    88.43  -106.33   164.98     0.33
11    97.57  -119.38   164.98     0.33
11    93.33  -137.32   164.98     0.33
11   118.13  -109.59   164.98     0.33
11   128.25   -99.48   164.98     0.33
11   119.76   -69.15   164.41     0.33
11   124.98   -79.91   164.75     0.33
11   139.02   -98.83   164.75     0.33
11    66.24   -73.71   164.13     0.33
11    41.44  -122.64   164.13     0.33
11    47.97  -105.03   164.18     0.33
11    57.11   -90.02   163.78     0.33
11    41.44   -87.41   164.01     0.33
11    18.27  -123.95   163.61     0.33
11     8.16  -120.68   163.61     0.33
11    -1.31  -127.53   163.61     0.33
11    -9.46  -127.53   163.61     0.33
11    13.71  -140.58   163.61     0.33
11   107.36  -186.57   163.61     0.33
11   116.17  -169.61   163.61     0.33
11   117.15  -181.03   163.61     0.33
11   102.47  -171.57   163.61     0.33
11    58.09  -155.58   163.61     0.33
11    61.35  -145.15   163.61     0.33
11    14.36  -105.03   163.61     0.33
11    14.36   -95.89   163.44     0.33
11    86.15   -86.44   163.44     0.33
11    90.07   -97.85   163.44     0.33
11    35.90  -106.01   163.16     0.33
11    95.94   -81.22   162.88     0.33
11   107.36   -96.87   162.88     0.33
11    54.82   -65.23   162.88     0.33
11    66.90  -114.81   162.08     0.33
11    62.00  -101.44   162.08     0.33
11    78.32   -94.26   162.08     0.33
11    73.10   -83.50   162.08     0.33
11   112.26   -77.63   162.08     0.33
11   115.19   -92.31   162.08     0.33
11   127.27  -161.13   162.08     0.33
11   123.03  -150.69   162.08     0.33
11    84.52  -167.98   162.08     0.33
11    79.95  -162.11   162.08     0.33
11    50.25  -170.91   162.08     0.33
11    43.08  -185.27   162.08     0.33
11    44.38   -96.22   162.08     0.33
11    -5.22  -115.14   162.08     0.33
11    -0.65  -103.40   162.08     0.33
11     8.48  -154.93   161.91     0.33
11     2.28  -146.45   161.62     0.33
11    24.80  -104.05   161.51     0.33
11    56.45   -76.65   161.45     0.33
11   107.04  -122.64   156.39     0.33
11    77.34  -119.38   156.39     0.33
11    80.28  -129.49   156.39     0.33
11   115.19  -159.82   156.17     0.33
11    79.30   -65.23   155.94     0.33
11   -21.54   -96.22   157.13     0.33
11   -15.99   -76.32   157.42     0.33
11   -15.99   -66.87   157.36     0.33
11   -11.75   -55.78   156.85     0.33
11   -30.67   -85.13   156.74     0.33
11   -42.42   -82.85   156.74     0.33
11   -49.93  -117.10   156.74     0.33
11   -49.93  -130.79   156.74     0.33
11   -35.90  -123.29   156.74     0.33
11   -24.47  -121.34   156.74     0.33
11   -15.66  -104.37   156.74     0.33
11   -29.37  -156.56   156.74     0.33
11   -18.27  -157.21   156.74     0.33
11    27.41  -128.84   156.74     0.33
11    66.57   -62.30   154.46     0.33
11    74.08   -56.10   154.46     0.33
11    64.29   -49.25   154.80     0.33
11    40.46   -59.69   154.80     0.33
11    41.12   -72.41   154.80     0.33
11   102.79   -70.78   154.80     0.33
11   122.70  -142.86   154.80     0.33
11   110.30  -149.71   154.80     0.33
11   133.79  -113.51   154.86     0.33
11   128.57  -126.55   154.86     0.33
11   118.78  -111.55   154.86     0.33
11    67.55  -170.59   154.86     0.33
11    20.88  -184.29   154.86     0.33
11    82.23  -109.59   154.86     0.33
11    18.93   -50.56   154.69     0.33
11    18.93   -65.89   154.75     0.33
11    95.94  -109.27   154.75     0.33
11    95.94  -128.84   153.84     0.33
11    76.36  -179.07   154.12     0.33
11    77.34  -188.53   154.12     0.33
11    89.09  -178.42   154.12     0.33
11    96.92  -182.00   154.12     0.33
11    15.01  -160.15   154.12     0.33
11    23.50  -168.96   154.12     0.33
11    30.35  -182.98   154.12     0.33
11    62.33  -174.50   154.12     0.33
11    65.59  -163.41   154.12     0.33
11    67.22  -149.39   154.12     0.33
11     4.24  -182.00   154.12     0.33
11    15.01  -176.79   154.01     0.33
11   -22.19  -172.22   154.06     0.33
11   -12.73  -170.91   154.06     0.33
11   -40.14  -143.84   153.49     0.33
11   -39.81  -133.73   153.49     0.33
11   -39.81  -115.79   152.87     0.33
11    17.95   -95.24   153.21     0.33
11    16.97  -109.27   153.21     0.33
11    13.71  -140.25   153.21     0.33
11   119.44  -172.87   153.21     0.33
11   110.62  -185.59   153.21     0.33
11   133.47  -152.00   153.21     0.33
11   143.58  -106.33   153.21     0.33
11   140.65   -97.20   153.21     0.33
11   129.55   -78.28   153.21     0.33
11   114.21   -66.54   153.21     0.33
11    64.94   -81.54   152.81     0.33
11    64.94   -93.61   152.87     0.33
11    36.87  -102.42   152.87     0.33
11    99.86   -83.83   152.87     0.33
11   100.51   -97.53   152.87     0.33
11    83.21  -101.11   152.87     0.33
11    -4.24   -79.91   152.19     0.33
11    -4.57   -91.98   152.19     0.33
11   118.46  -134.06   152.19     0.33
11    53.19  -173.85   152.02     0.33
11    44.38  -185.92   152.02     0.33
11    38.83  -183.63   152.02     0.33
11    -6.85  -120.03   151.51     0.33
11   117.15   -99.81   150.99     0.33
11   119.11   -91.98   150.82     0.33
11   112.91   -90.35   150.43     0.33
11   113.56   -79.91   150.77     0.33
11    49.28   -66.21   149.97     0.33
11    59.07   -70.78   149.63     0.33
11    90.39   -75.35   149.00     0.33
11   130.20   -89.70   148.61     0.33
11    47.64   -53.17   148.49     0.33
11   116.17   -59.04   148.49     0.33
11    36.55  -125.25   147.92     0.33
11     7.83   -50.56   147.58     0.33
11   -15.34   -92.63   147.24     0.33
11   -15.34   -69.15   147.18     0.33
11   -22.52   -59.36   147.18     0.33
11    26.11  -117.10   146.90     0.33
11    59.07  -133.40   146.90     0.33
11    66.24  -139.60   146.90     0.33
11    82.56  -139.93   146.90     0.33
11     4.57  -149.71   146.73     0.33
11    36.55  -148.41   146.28     0.33
11    29.70  -156.89   146.33     0.33
11    28.06  -134.06   146.33     0.33
11    21.54  -128.84   146.33     0.33
11   -15.66  -105.03   145.82     0.33
11    -3.59  -102.74   145.71     0.33
11   -12.07   -53.82   145.65     0.33
11   -31.65   -93.61   145.65     0.33
11   -43.40   -88.07   145.65     0.33
11   -47.97   -96.22   145.65     0.33
11   -37.20   -76.98   145.08     0.33
11   -23.82  -119.71   145.42     0.33
11   -38.51  -122.64   145.48     0.33
11   -48.30  -131.77   145.42     0.33
11   -31.98  -156.24   144.97     0.33
11   -13.38  -155.58   144.34     0.33
11   -23.82  -146.78   144.34     0.33
11    76.36   -66.54   144.23     0.33
11    75.06   -60.34   144.23     0.33
11    87.13   -65.23   144.23     0.33
11    17.95   -52.19   144.23     0.33
11    59.72   -54.47   144.29     0.33
11    63.31   -64.26   144.29     0.33
11   128.90  -122.64   144.29     0.33
11   136.73  -112.53   144.29     0.33
11   115.85  -158.85   144.29     0.33
11   125.64  -141.56   144.29     0.33
11   140.97  -142.54   144.29     0.33
11   129.23  -170.26   144.29     0.33
11    99.86  -192.12   143.77     0.33
11    86.48  -181.03   144.00     0.33
11    71.47  -174.50   144.00     0.33
11    71.79  -190.16   144.00     0.33
11    63.31  -157.54   144.00     0.33
11    55.15  -165.70   144.00     0.33
11    20.23  -185.27   144.00     0.33
11    18.93  -162.76   144.00     0.33
11    -4.89  -176.46   143.43     0.33
11   -23.82  -174.18   143.09     0.33
11   -42.10  -146.78   143.09     0.33
11   -50.25  -120.03   143.09     0.33
11    12.73  -111.55   143.15     0.33
11   113.24   -69.47   143.15     0.33
11   129.88   -69.15   143.15     0.33
11   129.55   -83.50   143.15     0.33
11   135.43  -101.44   143.15     0.33
11   141.95   -92.63   143.15     0.33
11   148.15  -105.03   143.15     0.33
11   142.28  -131.77   143.15     0.33
11   133.79  -154.93   143.15     0.33
11   124.98  -152.32   143.15     0.33
11   102.47  -152.00   143.15     0.33
11   115.52  -171.57   143.15     0.33
11    85.82  -192.77   143.15     0.33
11    78.64   -80.56   143.15     0.33
11    48.95   -77.63   143.09     0.33
11    40.14   -63.60   143.09     0.33
11    98.22   -61.97   143.09     0.33
11    14.03  -133.40   143.09     0.33
11    16.97  -142.54   142.35     0.33
11    38.51   -95.24   142.41     0.33
11    34.92  -108.29   142.41     0.33
11    81.26  -101.44   142.41     0.33
11    93.33  -107.31   142.41     0.33
11    99.20   -95.89   142.41     0.33
11    40.46  -185.92   141.90     0.33
11    -3.59   -79.91   141.84     0.33
11   108.34  -125.25   141.90     0.33
11   116.17  -115.46   141.90     0.33
11    65.59   -85.78   141.90     0.33
11   103.45   -83.50   141.90     0.33
11    70.49  -115.14   140.48     0.33
11    70.49  -102.74   140.48     0.33
11    76.69   -89.04   140.48     0.33
11   112.91  -138.30   140.48     0.33
11   105.40  -168.30   140.48     0.33
11   103.45  -180.05   140.48     0.33
11    93.98  -174.18   140.48     0.33
11    31.65   -54.14   139.79     0.33
11    27.41   -46.64   139.79     0.33
11   111.93   -91.00   139.79     0.33
11    52.86   -66.54   139.79     0.33
11     2.61   -67.19   139.79     0.33
11     2.94   -76.32   139.79     0.33
11    18.60  -101.11   139.79     0.33
11   -46.01  -103.72   139.00     0.33
11    20.56  -174.83   139.28     0.33
11   123.03   -59.04   138.20     0.33
11   120.41  -186.90   138.20     0.33
11   146.19  -117.42   138.20     0.33
11    22.19   -63.28   137.69     0.33
11    47.97   -54.14   137.69     0.33
11    57.11  -141.56   136.38     0.33
11    78.32  -139.93   136.38     0.33
11    77.67  -127.86   136.38     0.33
11    58.74  -129.49   136.38     0.33
11    30.67  -122.64   136.38     0.33
11    -6.85   -93.61   136.04     0.33
11   -16.32   -91.65   136.10     0.33
11   -11.75   -76.98   136.10     0.33
11    -9.14   -62.62   136.10     0.33
11     6.85   -49.90   136.10     0.33
11   -23.17   -62.30   136.10     0.33
11   -52.54   -86.44   136.10     0.33
11   -53.84  -106.33   136.10     0.33
11   -62.33  -124.27   136.10     0.33
11   -61.68  -137.97   136.10     0.33
11   -56.13  -149.06   136.10     0.33
11   -46.34  -162.11   136.10     0.33
11   -28.72  -162.11   136.10     0.33
11     6.85  -181.68   136.10     0.33
11    25.78  -149.39   136.10     0.33
11    36.22  -145.15   136.10     0.33
11    24.15  -133.73   136.10     0.33
11    93.66   -87.09   136.10     0.33
11   -14.68  -109.59   135.64     0.33
11    -7.83  -102.74   135.64     0.33
11   -19.25   -48.60   135.64     0.33
11   -34.92   -90.35   135.64     0.33
11   117.48  -105.35   135.64     0.33
11   125.96   -98.18   135.64     0.33
11   116.17   -78.28   135.64     0.33
11    38.18   -74.37   135.64     0.33
11    65.27   -74.37   135.64     0.33
11   104.10  -112.20   135.64     0.33
11   106.38  -103.07   135.64     0.33
11    87.46  -127.53   135.70     0.33
11   100.18  -137.32   135.70     0.33
11    97.90  -123.95   135.64     0.33
11    80.60  -112.53   135.70     0.33
11     6.85  -153.95   135.70     0.33
11     3.92  -142.21   135.70     0.33
11    27.41   -87.09   135.70     0.33
11    -6.85  -126.55   135.70     0.33
11   -10.12  -144.82   135.70     0.33
11   -24.15  -136.67   135.70     0.33
11     4.89  -100.46   135.70     0.33
11   -37.53  -110.25   135.70     0.33
11    15.99   -74.69   135.70     0.33
11    11.42   -89.37   135.70     0.33
11    82.23  -162.11   135.70     0.33
11    72.77  -152.97   135.70     0.33
11    89.74   -77.30   135.70     0.33
11    50.91   -92.96   135.30     0.33
11    55.48  -107.31   135.30     0.33
11    45.36  -122.97   135.30     0.33
11    -1.31  -114.16   135.30     0.33
11     6.20  -124.60   135.30     0.33
11   -23.50  -121.01   135.30     0.33
11   -34.59  -124.92   135.30     0.33
11   -25.13  -102.74   135.30     0.33
11   -24.15   -76.65   135.30     0.33
11    42.42  -135.69   135.36     0.33
11    47.97  -155.58   135.36     0.33
11    32.31  -162.76   135.36     0.33
11    -1.96  -165.04   135.36     0.33
11   -46.66  -132.43   135.36     0.33
11    57.76  -183.31   135.36     0.33
11    85.82  -145.15   135.36     0.33
11   -42.10   -75.67   134.73     0.33
11    46.34  -174.83   134.73     0.33
11    43.40  -105.35   134.73     0.33
11    55.15  -118.07   134.73     0.33
11   119.44  -129.49   134.73     0.33
11    32.31  -175.81   134.73     0.33
11   -49.60   -95.57   134.17     0.33
11   -65.27  -106.33   134.17     0.33
11    16.64   -52.84   134.17     0.33
11    63.63   -60.34   134.17     0.33
11    82.23   -66.21   134.17     0.33
11    89.41   -60.67   134.17     0.33
11   112.58  -156.89   134.17     0.33
11   126.94  -173.85   134.17     0.33
11   139.34  -143.84   134.17     0.33
11   131.18  -113.51   134.17     0.33
11   127.59  -128.19   134.17     0.33
11   124.98  -144.17   134.17     0.33
11   -29.04  -151.02   134.22     0.33
11   -16.64  -160.80   134.22     0.33
11    20.23  -205.49   132.74     0.33
11     3.26  -202.23   132.74     0.33
11    -6.20  -196.68   132.74     0.33
11    -7.83  -174.50   132.80     0.33
11   -24.15  -176.79   132.80     0.33
11   -44.71  -147.43   132.80     0.33
11   -48.95  -115.14   132.80     0.33
11    80.93  -193.09   132.80     0.33
11    74.40  -183.96   132.80     0.33
11    70.49  -171.24   132.80     0.33
11    60.70  -147.76   132.80     0.33
11   139.67  -152.32   132.80     0.33
11   138.04   -99.81   132.80     0.33
11   138.36   -83.50   132.80     0.33
11   131.84   -70.78   132.80     0.33
11   113.24   -70.13   132.80     0.33
11   101.49   -74.04   132.80     0.33
11    51.56   -77.96   132.80     0.33
11    12.07  -112.53   132.80     0.33
11    58.09  -171.24   132.80     0.33
11    20.23  -186.57   132.80     0.33
11    95.29  -188.20   132.80     0.33
11   116.17  -170.91   132.80     0.33
11   102.79  -147.43   132.80     0.33
11   143.58  -103.72   132.80     0.33
11    75.71   -75.35   132.80     0.33
11    71.47   -60.02   132.80     0.33
11    25.78  -106.01   132.80     0.33
11    11.42  -132.43   132.80     0.33
11    63.63  -161.13   132.80     0.33
11    15.66  -160.80   132.80     0.33
11    35.24   -93.94   131.55     0.33
11    67.22   -90.35   131.55     0.33
11    86.48  -100.13   131.55     0.33
11    93.66  -109.27   131.55     0.33
11    98.22   -94.92   131.55     0.33
11   124.66   -84.80   131.55     0.33
11   148.81   -92.63   131.55     0.33
11   115.85  -117.42   131.55     0.33
11   104.10  -128.19   131.55     0.33
11   127.27  -156.56   131.55     0.33
11    93.00  -160.80   131.55     0.33
11    84.85  -177.44   131.55     0.33
11    54.82  -195.38   131.55     0.33
11    40.79  -186.90   131.55     0.33
11   108.34  -192.12   131.55     0.33
11   -36.55  -139.28   131.55     0.33
11    -1.63   -78.28   128.77     0.33
11     8.48   -66.54   128.77     0.33
11    29.04   -51.21   128.77     0.33
11    43.73   -66.21   128.77     0.33
11   108.01   -89.04   128.77     0.33
11    76.36   -87.74   128.77     0.33
11    73.75  -103.07   128.77     0.33
11    66.24  -115.79   128.77     0.33
11   102.79  -177.44   128.77     0.33
11    19.91   -97.53   128.25     0.33
11   -13.05   -84.80   125.81     0.33
11    -3.59   -63.93   125.81     0.33
11     5.55   -50.88   125.81     0.33
11    -8.81   -51.86   125.81     0.33
11   -60.37   -87.41   125.81     0.33
11   -61.35  -125.25   125.81     0.33
11   -72.12  -133.40   125.81     0.33
11   -60.70  -143.52   125.81     0.33
11   -36.55  -161.78   125.81     0.33
11     5.87  -187.55   125.81     0.33
11   122.70  -189.83   125.81     0.33
11   128.90  -184.29   125.81     0.33
11   148.15  -114.49   125.81     0.33
11    57.43  -135.04   125.81     0.33
11    74.08  -132.43   125.81     0.33
11    22.52  -134.06   125.81     0.33
11    33.29  -150.69   125.81     0.33
11    20.88  -152.32   125.81     0.33
11    13.71  -146.45   125.81     0.33
11    30.02  -119.71   125.81     0.33
11    50.58   -54.47   125.81     0.33
11   114.21   -60.67   125.58     0.33
11   122.05   -57.73   125.58     0.33
11   105.08  -109.92   125.58     0.33
11    86.48  -124.27   125.58     0.33
11    75.38  -114.16   125.58     0.33
11    74.08  -153.63   125.58     0.33
11   -13.71  -109.59   125.58     0.33
11   -13.71   -96.87   125.58     0.33
11    -7.83  -136.34   125.58     0.33
11   -16.32  -132.10   125.58     0.33
11   -26.11  -135.36   125.58     0.33
11   -13.38  -146.78   125.58     0.33
11     1.63  -141.23   125.58     0.33
11    20.56   -64.58   125.58     0.33
11    20.88   -85.78   125.58     0.33
11    -0.33  -101.44   125.58     0.33
11    93.00   -85.13   125.58     0.33
11    88.11   -78.28   125.58     0.33
11    64.94   -73.71   125.58     0.33
11    51.56  -212.01   125.64     0.33
11    76.69  -214.62   125.64     0.33
11   103.45  -204.51   125.64     0.33
11   -32.63   -91.65   125.64     0.33
11   -39.16  -106.66   125.64     0.33
11   113.24  -140.91   125.64     0.33
11   -23.50   -55.12   125.64     0.33
11   -19.25   -63.28   125.64     0.33
11   -47.64  -132.43   125.13     0.33
11   -37.53  -119.05   125.13     0.33
11    42.42  -144.82   125.13     0.33
11    46.66  -158.19   125.13     0.33
11    30.02  -163.41   125.13     0.33
11    -1.31  -155.91   125.13     0.33
11     6.53  -174.50   125.13     0.33
11    79.95  -141.56   125.13     0.33
11    96.92  -134.71   125.13     0.33
11   141.63  -126.88   125.13     0.33
11   117.15   -95.89   125.13     0.33
11   117.80  -106.66   125.13     0.33
11    51.23   -93.29   125.13     0.33
11    31.33   -75.02   125.13     0.33
11     6.20   -88.72   125.13     0.33
11    -2.28  -118.40   124.90     0.33
11   -26.43   -77.30   124.90     0.33
11    41.44  -127.53   124.90     0.33
11   138.69  -138.62   124.05     0.33
11   126.94  -171.57   124.05     0.33
11   -65.92  -102.42   124.05     0.33
11   -57.43  -102.74   124.05     0.33
11   -54.17   -93.29   124.05     0.33
11    58.41   -62.95   124.05     0.33
11    82.56   -57.73   124.05     0.33
11    89.74   -71.43   124.05     0.33
11    98.88   -61.97   124.05     0.33
11   136.08  -116.77   124.05     0.33
11   122.37  -115.79   124.05     0.33
11   123.68  -144.17   124.05     0.33
11    46.34  -119.05   124.05     0.33
11    53.84  -108.29   124.05     0.33
11   111.28  -159.82   124.05     0.33
11   -26.11  -153.30   124.05     0.33
11    40.14  -171.57   124.05     0.33
11    62.65  -184.29   124.05     0.33
11    67.88  -196.03   124.05     0.33
11   121.72  -128.19   124.05     0.33
11   128.90  -105.03   124.05     0.33
11   -11.42  -176.13   122.80     0.33
11   -26.11  -175.15   122.80     0.33
11   -26.11  -188.85   122.80     0.33
11   -10.12  -164.72   122.80     0.33
11    19.25  -179.72   122.80     0.33
11    19.25  -192.77   122.80     0.33
11   -39.81  -149.06   122.80     0.33
11   -48.30  -152.32   122.80     0.33
11   -50.91  -115.46   122.80     0.33
11    20.88   -46.97   122.80     0.33
11    18.27   -53.82   122.80     0.33
11   140.65   -82.52   122.80     0.33
11   151.74  -102.74   122.80     0.33
11   141.30  -101.44   122.80     0.33
11   112.26   -77.30   122.80     0.33
11   100.51   -75.35   122.80     0.33
11   127.92   -70.13   122.80     0.33
11   131.84   -92.96   122.80     0.33
11   146.19  -141.88   122.80     0.33
11   140.97  -153.30   122.80     0.33
11    72.12   -57.08   122.80     0.33
11    33.61  -110.25   122.80     0.33
11    17.30  -109.27   122.80     0.33
11     7.51  -111.55   122.80     0.33
11    62.00  -152.65   122.80     0.33
11    69.51  -174.83   122.80     0.33
11    86.15  -192.44   122.80     0.33
11    99.53  -148.73   122.80     0.33
11   116.17  -172.54   122.80     0.33
11    58.41  -166.35   122.80     0.33
11    53.52  -176.79   122.80     0.33
11    51.23   -75.35   121.72     0.33
11   100.84  -100.13   119.84     0.33
11    19.91  -206.79   119.90     0.33
11     0.65  -205.81   119.90     0.33
11    -7.18  -194.40   119.90     0.33
11   -17.30  -197.99   119.90     0.33
11   -16.97  -187.55   119.90     0.33
11   -27.74  -104.05   119.90     0.33
11    94.31  -169.94   119.73     0.33
11    82.56  -168.63   119.73     0.33
11   104.75  -193.42   119.73     0.33
11    89.74   -94.59   119.16     0.33
11    90.39  -112.20   119.10     0.33
11   101.81  -122.97   118.99     0.33
11   146.85   -92.96   118.53     0.33
11    61.68   -87.41   118.87     0.33
11    28.72   -94.26   118.87     0.33
11    36.55   -99.48   118.87     0.33
11    12.73  -124.27   118.76     0.33
11    10.77  -133.40   118.70     0.33
11    77.34   -92.96   118.13     0.33
11   106.38   -90.02   118.13     0.33
11    76.03   -73.06   118.13     0.33
11    62.65  -102.09   118.13     0.33
11    42.75   -69.80   117.79     0.33
11    -5.55   -78.61   117.79     0.33
11    75.06  -105.68   117.51     0.33
11   123.68   -85.46   116.88     0.33
11    41.12  -182.00   116.71     0.33
11    54.82  -194.40   116.71     0.33
11    28.06  -176.46   116.71     0.33
11    29.37  -197.99   116.71     0.33
11    17.30  -162.76   116.71     0.33
11    10.12   -99.81   116.83     0.33
11    14.68   -75.02   116.32     0.33
11    63.96  -123.95   116.32     0.33
11    62.33  -112.20   116.32     0.33
11   103.45  -174.18   116.20     0.33
11    34.92   -50.56   116.20     0.33
11    34.92   -60.02   116.20     0.33
11    29.70   -66.87   116.20     0.33
11   -44.38   -85.46   116.20     0.33
11   -45.03  -100.46   116.20     0.33
11   104.75  -134.38   116.26     0.33
11    87.13  -153.63   116.26     0.33
11   126.61  -154.28   116.26     0.33
11    72.44   -85.13   116.26     0.33
11   -50.58  -144.17   115.80     0.33
11   -58.41  -137.64   115.80     0.33
11   -71.79  -137.32   115.80     0.33
11   -71.14  -121.66   115.80     0.33
11   -64.94   -83.17   115.80     0.33
11    -1.31   -65.56   115.80     0.33
11     8.16   -60.99   115.80     0.33
11     6.53   -54.14   115.80     0.33
11    52.21   -53.82   115.80     0.33
11   121.72  -192.77   115.80     0.33
11   131.18  -185.27   115.80     0.33
11    82.89  -176.46   115.80     0.33
11    76.36  -185.92   115.80     0.33
11    97.57  -184.61   115.80     0.33
11     7.83  -185.27   115.80     0.33
11    26.43  -145.47   115.80     0.33
11    24.47  -129.82   115.80     0.33
11    25.13  -118.73   115.80     0.33
11    25.78  -103.72   115.80     0.33
11   -25.13  -120.36   115.80     0.33
11    57.43  -133.73   115.80     0.33
11    67.88  -143.84   115.80     0.33
11    77.34  -130.79   115.80     0.33
11   -13.71   -84.80   115.80     0.33
11    -4.57   -85.78   115.80     0.33
11    43.08   -83.83   115.80     0.33
11   -36.22  -163.41   115.75     0.33
11   -21.21  -163.41   115.75     0.33
11    13.71  -147.10   115.80     0.33
11   -10.12  -111.55   115.23     0.33
11   -21.54  -111.55   115.23     0.33
11   -11.42  -137.32   115.23     0.33
11    -1.31  -129.82   115.23     0.33
11   -20.23  -143.52   115.23     0.33
11   -34.59  -133.73   115.23     0.33
11    89.09   -85.13   115.23     0.33
11    96.59   -85.78   115.23     0.33
11   107.04  -144.49   115.23     0.33
11   148.15  -110.57   115.23     0.33
11    18.60   -63.28   115.23     0.33
11   -11.10   -99.48   115.23     0.33
11     3.92  -143.19   115.23     0.33
11   -29.70   -90.35   115.23     0.33
11    21.86   -88.39   115.23     0.33
11    63.63   -70.78   115.23     0.33
11    88.11  -121.66   114.72     0.33
11    -7.83  -150.37   114.72     0.33
11   -39.16  -121.34   114.72     0.33
11   -37.53  -105.03   114.72     0.33
11   -47.32  -133.40   114.72     0.33
11   -58.09  -151.02   114.72     0.33
11   -16.32  -132.10   114.72     0.33
11   -14.03  -120.68   114.72     0.33
11   115.85   -99.48   114.72     0.33
11   104.10  -108.94   114.72     0.33
11   108.99   -65.56   114.72     0.33
11   121.07   -60.34   114.72     0.33
11    41.77  -128.51   114.72     0.33
11    39.49  -145.47   114.72     0.33
11    40.79  -160.48   114.72     0.33
11    26.76  -160.48   114.72     0.33
11     7.83   -89.37   114.72     0.33
11     4.57   -79.59   114.72     0.33
11    31.00   -77.63   114.72     0.33
11    52.21   -90.35   114.72     0.33
11    50.25  -102.09   114.72     0.33
11    89.41  -138.95   114.72     0.33
11    74.40  -159.50   114.72     0.33
11   114.87  -122.64   114.72     0.33
11   115.85  -135.69   114.72     0.33
11   139.67  -129.16   114.72     0.33
11   138.36  -175.81   114.72     0.33
11   105.73  -201.90   114.72     0.33
11    90.72  -204.18   114.72     0.33
11    74.40  -216.58   114.72     0.33
11    54.17  -215.93   114.72     0.33
11     8.81  -210.71   114.72     0.33
11     5.87  -167.65   114.72     0.33
11     2.61  -155.91   114.72     0.33
11   -16.64   -70.13   114.72     0.33
11   -11.10   -52.51   114.72     0.33
11   -22.84   -61.32   114.72     0.33
11   -30.35   -74.69   114.72     0.33
11    50.58  -144.17   114.72     0.33
11    51.56  -155.26   114.72     0.33
11   135.75  -163.09   114.72     0.33
11   -61.35  -101.77   113.19     0.33
11   -60.37   -91.65   113.19     0.33
11   -72.44  -106.33   113.19     0.33
11    47.97  -117.75   113.19     0.33
11   -21.86  -153.95   113.19     0.33
11   137.06  -113.51   113.19     0.33
11   122.37  -110.90   113.19     0.33
11   123.03  -119.38   113.19     0.33
11   126.61  -134.71   113.19     0.33
11   132.82  -145.15   113.19     0.33
11   109.32  -158.19   113.19     0.33
11   117.15  -146.78   113.19     0.33
11   124.98  -171.89   113.25     0.33
11    98.22  -159.82   113.19     0.33
11   127.92   -99.48   113.19     0.33
11   146.19   -66.54   113.19     0.33
11    96.92   -64.91   113.19     0.33
11    83.21   -75.02   113.19     0.33
11    83.54   -56.43   113.19     0.33
11    60.04   -58.06   113.19     0.33
11    68.20   -47.29   113.19     0.33
11    67.22  -191.79   113.19     0.33
11   149.78  -152.00   113.19     0.33
11   -34.26  -152.32   112.34     0.33
11   -54.17  -117.42   112.34     0.33
11   -51.23  -108.94   112.34     0.33
11    11.42  -109.92   112.34     0.33
11    37.20  -118.07   112.34     0.33
11   137.06   -80.24   112.34     0.33
11   146.19   -80.56   112.34     0.33
11   139.67  -103.40   112.34     0.33
11   155.33  -103.07   112.34     0.33
11   105.08   -78.28   112.34     0.33
11   119.76   -77.96   112.34     0.33
11   123.35   -70.13   112.34     0.33
11    93.33   -71.76   112.34     0.33
11    71.79   -58.71   112.34     0.33
11    68.85  -175.15   112.34     0.33
11    61.68  -160.15   112.34     0.33
11    98.22  -146.45   112.34     0.33
11   119.76  -162.11   112.34     0.33
11   116.50  -173.52   112.34     0.33
11   112.58  -186.24   112.34     0.33
11    57.43  -180.70   112.34     0.33
11    50.58  -169.94   112.34     0.33
11   -12.73  -163.41   112.34     0.33
11    -6.53  -173.52   112.34     0.33
11   -25.78  -176.46   112.34     0.33
11    18.60  -194.07   112.34     0.33
11    17.95  -178.42   112.39     0.33
11    40.46  -195.05   112.39     0.33
11    85.17  -190.81   112.34     0.33
11   142.93  -144.17   112.39     0.33
11     1.63  -113.83   112.34     0.33
11     0.65  -101.77   112.39     0.33
11    22.84   -49.25   112.34     0.33
11    85.58  -110.92   108.81     0.33
11    86.56   -98.20   108.81     0.33
11    97.33   -98.52   108.81     0.33
11    -0.90  -194.74   108.81     0.33
11   -15.58  -197.68   108.81     0.33
11   -12.32  -206.49   108.81     0.33
11   -22.11  -190.18   108.81     0.33
11    32.06  -211.05   108.81     0.33
11    70.24  -204.53   108.81     0.33
11   157.05  -134.40   108.87     0.33
11   156.07  -121.35   108.81     0.33
11    33.69   -98.20   108.87     0.33
11   -20.80  -101.46   108.81     0.33
11    52.29   -72.10   108.81     0.33
11    60.45   -90.04   108.87     0.33
11    75.46  -116.46   108.19     0.33
11   148.89   -95.26   108.19     0.33
11   133.88   -91.67   108.19     0.33
11    11.18  -120.05   108.19     0.33
11    10.20  -133.10   108.19     0.33
11   -35.49  -144.84   108.19     0.33
11    -1.55  -212.68   108.19     0.33
11   101.57  -120.70   108.19     0.33
11    39.89  -108.63   108.19     0.33
11    86.23  -167.34   108.19     0.33
11    69.92  -103.74   107.50     0.33
11    76.44   -92.00   107.50     0.33
11    55.23  -197.35   106.37     0.33
11    34.35  -180.07   106.37     0.33
11    29.45  -188.87   106.37     0.33
11    21.95  -204.53   106.37     0.33
11   -32.88  -172.89   106.37     0.33
11   -42.99  -152.67   106.37     0.33
11   105.49   -88.09   106.37     0.33
11   105.49   -95.26   106.37     0.33
11   121.48   -85.15   106.37     0.33
11    75.79   -65.58   106.37     0.33
11    40.55   -71.12   106.37     0.33
11    45.77  -184.96   105.85     0.33
11    27.17  -173.54   105.85     0.33
11    84.27  -152.34   105.85     0.33
11    77.10  -142.88   105.85     0.33
11   105.16  -173.22   105.85     0.33
11    57.52  -114.83   105.85     0.33
11    64.70  -124.62   105.85     0.33
11   105.16  -133.10   105.85     0.33
11    71.22   -81.56   105.85     0.33
11    55.56   -80.26   105.85     0.33
11    14.44   -77.97   105.85     0.33
11    31.41   -70.15   105.85     0.33
11    35.98   -56.77   105.85     0.33
11    -5.47   -74.06   105.85     0.33
11   -50.50   -96.57   105.85     0.33
11    33.04  -136.68   105.85     0.33
11    15.75  -160.82   105.85     0.33
11    16.40   -99.50   105.34     0.33
11    17.05  -142.56   105.34     0.33
11    29.13  -149.73   105.34     0.33
11    27.49  -124.29   105.34     0.33
11    25.86  -110.26   105.34     0.33
11    41.85   -80.91   105.34     0.33
11    -7.42   -87.43   105.34     0.33
11     0.41   -63.95   105.34     0.33
11    79.38  -130.16   105.34     0.33
11    64.37  -147.45   105.34     0.33
11    50.34  -129.84   105.40     0.33
11    63.39  -133.75   105.34     0.33
11    79.71  -179.41   105.40     0.33
11   100.59  -191.81   105.40     0.33
11    96.02  -181.37   105.34     0.33
11   122.46  -189.52   105.34     0.33
11   142.36  -188.87   105.40     0.33
11     6.28  -183.33   105.40     0.33
11    60.78  -221.82   105.40     0.33
11   -52.46  -141.25   105.40     0.33
11   -70.73  -136.36   105.40     0.33
11   -70.73  -121.03   105.34     0.33
11   -17.87   -83.52   105.40     0.33
11    47.73   -51.23   105.40     0.33
11    47.40   -61.01   105.40     0.33
11     9.55   -56.45   105.40     0.33
11     9.87   -68.51   105.40     0.33
11   -42.01   -85.15   105.40     0.33
11   -23.74  -123.64   105.40     0.33
11   -13.30  -181.04   105.40     0.33
11    87.86   -84.17   104.83     0.33
11   115.93  -131.14   104.43     0.33
11   102.22  -105.70   104.43     0.33
11   143.99  -133.42   104.43     0.33
11   147.58  -111.24   104.43     0.33
11    -7.42  -110.26   104.43     0.33
11   -21.13  -109.61   104.43     0.33
11   -35.81  -101.78   104.43     0.33
11   -44.30  -136.03   104.43     0.33
11   -17.54  -144.51   104.43     0.33
11    -6.77  -134.40   104.43     0.33
11   -28.63  -136.03   104.43     0.33
11   -56.05  -152.99   104.43     0.33
11    51.32  -208.12   104.43     0.33
11    50.99  -219.86   104.43     0.33
11    75.46  -218.23   104.43     0.33
11    94.39  -200.61   104.43     0.33
11   106.79  -204.20   104.43     0.33
11   120.17  -202.25   104.43     0.33
11   142.03  -177.78   104.43     0.33
11   137.47  -161.47   104.43     0.33
11   113.64   -96.24   104.43     0.33
11    91.45  -126.57   104.43     0.33
11    65.35   -70.80   104.43     0.33
11    53.93  -100.81   104.43     0.33
11    44.46   -92.00   104.43     0.33
11     7.26   -90.04   104.43     0.33
11    25.86   -85.80   104.43     0.33
11    22.27   -65.25   104.43     0.33
11   110.71   -64.93   104.43     0.33
11   118.87   -57.43   104.43     0.33
11    46.42  -140.93   104.43     0.33
11    49.36  -153.97   104.43     0.33
11    30.43  -160.50   104.43     0.33
11    40.22  -165.06   104.43     0.33
11     2.04  -143.53   104.43     0.33
11    -6.77  -151.69   104.43     0.33
11     3.67  -161.80   104.43     0.33
11   -11.01  -122.66   104.43     0.33
11   -32.55  -113.85   104.43     0.33
11   -40.71  -123.31   104.43     0.33
11   135.18  -126.25   103.35     0.33
11    -5.47   -52.21   103.35     0.33
11   -10.03   -64.93   103.35     0.33
11   -17.87   -73.41   103.35     0.33
11   -30.92   -89.39   103.35     0.33
11   -31.25   -74.06   103.35     0.33
11   -21.46   -54.82   103.35     0.33
11     8.57  -203.22   103.35     0.33
11    85.25  -205.51   103.35     0.33
11    74.16  -162.13   103.35     0.33
11    88.84  -137.34   103.35     0.33
11   -61.59  -106.02   102.90     0.33
11   -61.59   -96.89   102.90     0.33
11   -68.12   -86.78   102.90     0.33
11   -51.48   -82.87   102.90     0.33
11   -45.60   -70.47   102.90     0.33
11   119.52  -112.55   102.90     0.33
11   130.29  -110.59   102.90     0.33
11   124.41  -103.09   102.90     0.33
11   147.26  -155.28   102.90     0.33
11   120.17  -146.14   102.90     0.33
11   132.57  -138.64   102.90     0.33
11   108.75  -149.41   102.90     0.33
11    98.63  -157.23   102.90     0.33
11    98.31  -165.39   102.90     0.33
11   129.96  -173.22   102.90     0.33
11   133.22  -188.22   102.90     0.33
11    67.31  -189.85   102.90     0.33
11    83.95   -61.01   102.90     0.33
11    57.84   -51.23   102.90     0.33
11    57.84   -61.99   102.90     0.33
11    68.94   -49.27   102.90     0.33
11   123.76  -122.33   102.90     0.33
11   130.61  -151.36   102.90     0.33
11   108.75  -161.80   102.90     0.33
11    97.00   -60.36   102.90     0.33
11   135.51   -81.89   102.33     0.33
11   119.84   -76.02   102.33     0.33
11   144.32  -144.84   102.33     0.33
11   120.50  -156.91   102.33     0.33
11   116.25  -179.09   102.33     0.33
11   110.05  -187.89   102.33     0.33
11    65.02  -173.54   102.33     0.33
11    60.78  -159.84   102.33     0.33
11     1.39   -99.18   102.33     0.33
11    99.61   -80.26   101.70     0.33
11    95.37   -72.10   101.76     0.33
11   -10.36  -163.76   101.76     0.33
11   -29.61  -155.60   101.76     0.33
11   -52.46  -113.85   101.76     0.33
11    41.85  -124.62   101.76     0.33
11    60.78  -183.98   101.76     0.33
11   121.48  -168.32   101.76     0.33
11   143.99  -165.71   101.76     0.33
11    81.66  -188.55   101.76     0.33
11    15.75  -193.76   101.76     0.33
11    38.26  -194.09   101.76     0.33
11     8.24  -168.98   101.76     0.33
11    50.34  -170.93   101.76     0.33
11   107.44  -140.93   101.42     0.33
11   140.08  -101.13   101.14     0.33
11     3.67  -111.57   101.14     0.33
11   -10.03   -99.50   101.14     0.33
11   -19.82  -166.69   101.19     0.33
11    22.27   -53.18   101.19     0.33
11   105.16   -75.04   100.40     0.33
11    81.66   -76.34    99.77     0.33
11    98.31   -97.87    98.75     0.33
11    96.02   -89.72    98.75     0.33
11    90.47  -116.14    98.75     0.33
11    79.05  -103.42    98.75     0.33
11    88.52   -98.52    98.75     0.33
11    31.08  -101.13    98.29     0.33
11    62.41   -92.33    98.63     0.33
11    71.55  -205.51    98.63     0.33
11    50.66  -238.12    98.63     0.33
11   -13.62  -205.83    98.63     0.33
11   -11.99  -194.74    98.63     0.33
11   -18.19  -194.74    98.63     0.33
11   -46.91  -171.91    98.63     0.33
11   -21.13   -95.91    98.63     0.33
11    32.06   -46.99    98.63     0.33
11   153.13  -139.62    98.58     0.33
11   155.41  -125.27    98.58     0.33
11   139.75   -67.86    98.58     0.33
11    95.70  -143.53    98.58     0.33
11    17.70  -180.07    98.58     0.33
11    28.15  -214.31    98.58     0.33
11    35.65  -206.16    98.58     0.33
11    12.81  -216.27    98.58     0.33
11    -1.22  -192.46    98.35     0.33
11   -30.92  -184.96    98.35     0.33
11    42.50  -114.51    98.01     0.33
11    41.85  -103.74    98.01     0.33
11   147.26   -92.00    98.01     0.33
11   108.10  -119.07    98.01     0.33
11    14.77  -113.53    98.01     0.33
11     8.89  -127.55    98.01     0.33
11     0.74  -214.97    98.01     0.33
11    85.25  -168.65    98.01     0.33
11   -60.29  -128.53    98.01     0.33
11   -60.61   -73.41    98.01     0.33
11    78.40  -115.16    98.01     0.33
11    10.20  -150.71    98.01     0.33
11    19.99  -131.47    97.61     0.33
11    66.33  -104.39    97.38     0.33
11    76.44   -90.37    97.27     0.33
11   112.34   -87.11    96.08     0.33
11   121.48   -87.76    96.08     0.33
11   127.35   -95.59    96.08     0.33
11    44.46   -70.80    96.08     0.33
11    71.22   -60.36    96.08     0.33
11   -40.38  -148.43    96.08     0.33
11   -36.14  -172.24    96.08     0.33
11    58.17  -196.70    96.08     0.33
11    85.58  -222.47    96.08     0.33
11    -2.20  -172.24    96.08     0.33
11    31.41  -185.94    96.08     0.33
11    24.23  -201.92    96.08     0.33
11    47.40  -182.67    95.74     0.33
11    25.21  -169.30    95.74     0.33
11    31.74  -133.10    95.74     0.33
11    85.58  -152.34    95.74     0.33
11    77.75  -143.53    95.74     0.33
11    63.06  -120.05    95.74     0.33
11    53.93  -114.51    95.74     0.33
11    56.21   -80.91    95.74     0.33
11    34.02   -64.27    95.05     0.33
11    14.11   -73.73    94.83     0.33
11     2.69   -59.06    95.00     0.33
11    -6.77   -87.43    94.88     0.33
11   -15.91   -85.80    94.77     0.33
11   -46.26  -100.81    94.83     0.33
11   -72.36  -122.66    94.83     0.33
11    75.14  -175.83    94.83     0.33
11    97.33  -182.02    94.83     0.33
11    59.80  -150.06    94.83     0.33
11    65.67  -138.64    94.31     0.33
11    79.05  -127.23    94.26     0.33
11    50.34  -127.23    94.14     0.33
11    44.79  -141.25    94.09     0.33
11    44.46  -158.21    93.69     0.33
11    32.06  -152.67    93.86     0.33
11    33.04  -168.00    93.86     0.33
11    58.17  -220.18    93.86     0.33
11    57.84  -231.27    93.86     0.33
11   104.18  -205.83    93.86     0.33
11    98.31  -198.01    93.86     0.33
11   126.04  -196.37    93.86     0.33
11   147.58  -107.00    93.86     0.33
11   141.06  -115.48    93.86     0.33
11    85.58   -86.78    93.86     0.33
11   111.69  -131.79    93.58     0.33
11    97.98  -130.16    93.52     0.33
11   -18.84  -108.31    93.18     0.33
11   -35.16   -99.50    93.18     0.33
11   -30.27  -108.96    93.18     0.33
11   -40.38  -121.35    93.18     0.33
11   -40.06  -134.73    93.18     0.33
11   -56.70  -153.65    93.18     0.33
11   -68.12  -138.64    93.18     0.33
11    73.83   -50.90    92.84     0.33
11   128.66  -128.86    92.89     0.33
11   120.17  -141.58    92.89     0.33
11   119.84  -128.86    92.89     0.33
11   129.96  -106.35    92.89     0.33
11   111.36  -108.96    92.89     0.33
11   100.92  -105.37    92.89     0.33
11   131.59  -142.88    92.89     0.33
11   137.14  -183.33    92.89     0.33
11   132.24  -188.55    92.89     0.33
11   132.57  -177.13    92.89     0.33
11   143.67  -155.60    92.89     0.33
11   -10.69  -137.34    92.89     0.33
11   -20.15  -140.27    92.89     0.33
11    -4.49  -151.69    92.89     0.33
11   -61.92   -98.85    92.89     0.33
11   -67.79   -88.74    92.89     0.33
11    -1.22   -71.45    92.89     0.33
11    39.24   -55.14    92.89     0.33
11    50.01   -47.97    92.89     0.33
11    57.84   -53.84    92.89     0.33
11    56.54   -64.27    92.89     0.33
11    68.94   -74.39    92.89     0.33
11    87.21   -63.62    92.89     0.33
11    30.76  -115.81    92.89     0.33
11    16.73  -101.46    92.67     0.33
11    11.83   -92.98    92.27     0.33
11    24.56   -85.15    92.49     0.33
11    39.89   -81.24    92.32     0.33
11    46.75   -92.98    91.87     0.33
11    17.70   -62.32    91.98     0.33
11     2.37   -99.50    91.81     0.33
11   -21.46  -129.84    91.81     0.33
11   -31.57  -140.60    91.81     0.33
11    71.22  -165.39    91.81     0.33
11    71.22  -154.62    91.81     0.33
11   110.38  -155.60    91.81     0.33
11   121.15  -183.65    91.81     0.33
11   109.40  -191.16    91.81     0.33
11   109.40  -170.93    91.81     0.33
11    97.33  -161.15    91.81     0.33
11   143.67  -146.47    91.81     0.33
11   133.22   -83.52    91.47     0.33
11    66.33  -181.04    91.30     0.33
11     3.35  -203.22    91.30     0.33
11   -52.13  -114.83    91.30     0.33
11   -53.11  -106.02    91.30     0.33
11    56.86  -161.80    91.41     0.33
11    50.34  -169.95    91.41     0.33
11   144.32  -167.67    91.41     0.33
11   158.35  -114.51    91.59     0.33
11    91.78   -75.36    91.70     0.33
11    -4.81   -46.66    91.70     0.33
11   -12.64   -56.12    91.87     0.33
11   -21.78   -69.49    91.87     0.33
11   -31.90   -89.39    91.93     0.33
11   -54.41   -88.09    91.98     0.33
11   -43.32   -89.39    92.04     0.33
11   -38.75   -72.10    92.04     0.33
11   -51.15  -140.60    92.27     0.33
11    -5.79  -120.70    92.27     0.33
11     2.69  -142.23    92.27     0.33
11    23.58  -143.21    92.27     0.33
11    22.60  -158.21    92.27     0.33
11   125.39  -155.60    92.27     0.33
11   142.03  -128.53    92.27     0.33
11   115.60   -98.52    92.27     0.33
11   119.84  -116.14    92.27     0.33
11   119.19   -75.04    92.27     0.33
11   119.19  -209.75    92.27     0.33
11    84.93  -206.49    92.27     0.33
11    50.99  -206.49    92.32     0.33
11    26.19   -76.02    92.32     0.33
11   -16.56  -149.41    92.32     0.33
11     7.59  -183.00    92.27     0.33
11     8.24   -83.52    92.32     0.33
11   102.22   -66.56    89.99     0.33
11   -13.30  -160.17    87.83     0.33
11   -23.41  -194.09    87.83     0.33
11     0.41  -192.79    87.83     0.33
11    -3.51  -215.94    87.83     0.33
11    13.46  -215.94    87.83     0.33
11    31.74  -216.27    87.32     0.33
11    43.81  -191.48    87.38     0.33
11    93.41  -115.81    87.38     0.33
11    81.34  -109.29    87.38     0.33
11    92.76   -96.57    87.38     0.33
11   158.68  -134.08    87.38     0.33
11   141.71  -191.16    87.38     0.33
11    36.63  -105.05    87.38     0.33
11    28.15   -96.24    87.38     0.33
11    66.00   -97.22    87.38     0.33
11    67.31  -109.61    87.38     0.33
11    98.31   -86.78    87.38     0.33
11    13.14  -112.22    87.38     0.33
11   -13.62   -99.50    86.58     0.33
11    16.07  -124.62    86.92     0.33
11   104.83  -143.53    86.92     0.33
11    90.15  -138.32    86.92     0.33
11     8.24  -130.16    86.58     0.33
11    14.11  -149.08    86.58     0.33
11     5.63  -159.19    86.58     0.33
11    79.71  -186.26    86.58     0.33
11   -45.93  -175.50    86.58     0.33
11   -27.66  -152.01    86.58     0.33
11   -57.35  -119.40    86.58     0.33
11   -65.84  -112.22    86.58     0.33
11    70.90   -87.11    86.58     0.33
11    60.45  -194.09    85.84     0.33
11    69.92  -201.92    85.84     0.33
11    83.95  -225.73    85.84     0.33
11    69.26  -226.38    85.84     0.33
11    27.17  -202.90    85.84     0.33
11    23.58  -191.81    85.84     0.33
11   110.05   -85.48    84.42     0.33
11   143.99   -95.26    84.42     0.33
11    34.02   -69.17    84.42     0.33
11     4.65   -55.47    84.42     0.33
11   -14.28   -88.74    84.42     0.33
11    -2.53   -80.26    84.42     0.33
11    53.93  -112.87    84.42     0.33
11   156.72  -146.14    84.42     0.33
11   -41.36  -146.14    84.42     0.33
11   -64.86  -123.96    84.42     0.33
11   -42.01  -109.61    84.42     0.33
11    82.64  -162.78    84.42     0.33
11    37.94  -124.62    85.50     0.33
11    31.41  -132.12    85.50     0.33
11    -7.75  -174.52    85.50     0.33
11    -8.08  -190.83    85.50     0.33
11   -22.43  -173.54    85.50     0.33
11   -34.51  -170.61    85.50     0.33
11   -34.51  -159.52    85.50     0.33
11    41.20  -177.78    85.50     0.33
11    26.84  -178.43    85.50     0.33
11    18.03  -167.34    85.50     0.33
11     6.28  -168.65    85.50     0.33
11    66.65  -122.99    85.50     0.33
11    56.21   -85.15    85.50     0.33
11     1.39  -112.22    85.50     0.33
11   -26.68  -117.77    85.50     0.33
11    46.75  -226.71    85.50     0.33
11   -32.88  -182.02    85.22     0.33
11   -11.99  -202.90    85.22     0.33
11    41.53  -200.94    85.27     0.33
11    89.17  -171.59    85.27     0.33
11   120.17  -168.00    85.27     0.33
11   132.90  -166.37    85.27     0.33
11    79.38  -139.29    84.71     0.33
11    87.21  -149.73    85.05     0.33
11    54.91   -99.83    85.05     0.33
11    50.66   -72.10    85.05     0.33
11    78.40   -99.18    85.05     0.33
11    80.36   -75.04    85.05     0.33
11   106.14   -95.91    85.05     0.33
11   -26.02   -79.28    84.82     0.33
11   -26.68   -95.59    84.82     0.33
11     9.22   -63.95    84.82     0.33
11    18.68   -71.78    84.82     0.33
11    33.69   -59.06    84.82     0.33
11   -51.80   -73.08    84.82     0.33
11   -64.20   -80.91    84.14     0.33
11   -26.35   -60.36    84.48     0.33
11   103.53  -178.11    84.48     0.33
11    92.11  -184.63    84.48     0.33
11    76.44  -214.97    84.48     0.33
11    12.48  -196.05    84.02     0.33
11    59.15  -137.66    84.02     0.33
11    42.18  -144.84    84.02     0.33
11    44.14  -131.47    84.02     0.33
11    53.27  -124.62    84.02     0.33
11   -53.76  -127.23    83.46     0.33
11    99.94  -202.25    83.46     0.33
11   105.49  -210.07    83.46     0.33
11   114.30  -199.31    83.46     0.33
11   122.78  -200.29    83.46     0.33
11    62.41  -216.60    83.46     0.33
11   146.28  -118.09    83.46     0.33
11   139.42  -107.33    83.46     0.33
11   124.09   -96.57    83.46     0.33
11   124.09   -86.13    83.46     0.33
11    97.65  -124.29    83.46     0.33
11   105.81  -126.90    82.89     0.33
11    83.30  -121.03    82.89     0.33
11   100.26  -103.74    82.89     0.33
11    84.27   -87.11    82.03     0.33
11    29.45  -109.61    82.38     0.33
11   -38.42  -120.38    82.38     0.33
11   -40.71  -134.08    82.38     0.33
11   126.70  -138.97    82.38     0.33
11   116.58  -146.47    82.38     0.33
11   131.92  -127.23    82.15     0.33
11   132.24  -111.24    82.15     0.33
11   135.83  -100.81    81.64     0.33
11   133.88  -181.04    82.03     0.33
11   117.23  -209.75    82.03     0.33
11    69.59   -54.49    82.03     0.33
11    77.75   -55.47    82.03     0.33
11    88.84   -60.69    81.81     0.33
11    41.20   -81.56    81.75     0.33
11    15.09   -83.84    81.41     0.33
11     6.28   -95.91    81.30     0.33
11    -1.22   -86.13    80.73     0.33
11    18.68   -99.50    81.12     0.33
11   -58.66   -96.89    80.73     0.33
11   -46.26   -85.80    80.73     0.33
11    -1.88   -62.64    80.39     0.33
11    -1.88   -70.80    80.39     0.33
11    44.46   -56.45    80.39     0.33
11    54.91   -56.45    80.10     0.33
11    95.04   -70.47    80.10     0.33
11    71.22  -165.06    79.93     0.33
11    70.24  -153.32    79.93     0.33
11    50.34  -154.62    79.93     0.33
11    65.67  -182.02    79.93     0.33
11    77.10  -180.72    78.40     0.33
11   148.23  -166.69    78.91     0.33
11   144.97  -179.09    78.91     0.33
11   162.27  -119.72    78.91     0.33
11   151.50  -107.98    78.91     0.33
11   104.83   -69.17    78.91     0.33
11    21.62   -59.38    78.91     0.33
11    27.17   -75.69    78.91     0.33
11    -8.08   -48.94    78.91     0.33
11   -15.91   -77.97    78.91     0.33
11   -24.39  -107.66    78.91     0.33
11   -38.42   -92.00    78.91     0.33
11   -55.39  -106.68    78.91     0.33
11   -59.96  -143.53    78.91     0.33
11   -57.68  -153.65    78.91     0.33
11   -17.87  -139.29    78.91     0.33
11   -27.00  -138.64    78.91     0.33
11   -27.00  -129.51    78.91     0.33
11    -0.57  -149.73    78.91     0.33
11    -6.77  -130.81    78.28     0.33
11   118.87  -158.21    78.62     0.33
11    96.35  -163.10    78.62     0.33
11   100.26  -150.06    78.62     0.33
11    99.29  -190.18    78.62     0.33
11   113.97  -185.94    78.62     0.33
11    89.17  -214.64    78.62     0.33
11    55.56  -232.25    78.62     0.33
11    33.04  -156.91    78.62     0.33
11    46.42  -167.02    78.62     0.33
11    36.96  -210.07    77.15     0.33
11     5.63  -207.46    77.15     0.33
11     6.94  -184.63    77.15     0.33
11   143.67  -191.16    77.15     0.33
11   133.88  -191.48    77.15     0.33
11   153.13  -137.34    77.15     0.33
11    93.09   -97.22    77.15     0.33
11    94.39   -87.43    77.15     0.33
11    28.80   -95.26    77.15     0.33
11    20.97  -113.20    77.15     0.33
11    71.22  -176.48    77.15     0.33
11    42.18  -189.20    77.15     0.33
11    19.01  -213.01    77.15     0.33
11     7.91  -219.53    77.15     0.33
11    -2.85  -214.31    77.15     0.33
11     2.04  -159.84    76.58     0.33
11   -12.32  -159.84    76.58     0.33
11   100.92  -114.18    76.58     0.33
11    85.58  -108.96    76.58     0.33
11    69.59  -111.57    76.58     0.33
11    71.87   -84.50    76.58     0.33
11    66.33   -99.83    76.58     0.33
11   142.36  -148.10    76.58     0.33
11   -13.62  -103.74    76.58     0.33
11    63.39   -71.78    76.58     0.33
11    90.47   -77.00    76.58     0.33
11   -63.55  -111.90    76.58     0.33
11   -22.11  -149.73    76.58     0.33
11    26.84  -121.68    76.58     0.33
11     7.26  -121.68    76.58     0.33
11   106.79  -142.56    76.58     0.33
11   116.25  -116.79    76.58     0.33
11   112.01  -108.96    76.58     0.33
11   117.89  -129.18    76.58     0.33
11   141.38  -131.79    76.58     0.33
11   133.88  -150.06    76.58     0.33
11    56.54  -193.11    75.38     0.33
11    68.28  -200.94    75.38     0.33
11    81.99  -225.40    75.38     0.33
11    68.28  -229.32    75.38     0.33
11    -4.16  -190.83    75.38     0.33
11   -16.56  -177.46    75.38     0.33
11   -19.17  -188.55    75.38     0.33
11   -38.10  -159.84    75.38     0.33
11   -44.30  -176.80    75.38     0.33
11   -46.26  -161.47    75.38     0.33
11     5.63  -107.00    75.10     0.33
11    54.25   -83.84    75.10     0.33
11    -8.73  -115.48    75.10     0.33
11   -25.37  -120.05    75.10     0.33
11    91.78  -134.73    75.10     0.33
11    67.96  -129.84    75.10     0.33
11    27.17  -134.08    75.10     0.33
11    37.61  -113.53    75.10     0.33
11    10.85  -137.34    75.10     0.33
11    18.68  -151.04    75.10     0.33
11     8.57  -157.23    75.10     0.33
11    26.19  -173.87    75.10     0.33
11    10.20  -171.59    75.10     0.33
11    33.69  -198.01    75.10     0.33
11    77.10  -205.18    75.10     0.33
11    36.96   -49.92    75.10     0.33
11   107.12   -81.89    72.14     0.33
11   110.38   -90.69    72.14     0.33
11   120.50  -102.11    72.14     0.33
11   127.68  -118.75    72.14     0.33
11   128.00  -129.18    72.14     0.33
11   145.30  -119.40    72.14     0.33
11   118.54  -139.95    72.14     0.33
11   105.49  -177.46    72.14     0.33
11    77.75  -114.83    71.86     0.33
11    59.80  -116.14    71.74     0.33
11    44.46   -87.76    71.57     0.33
11    42.18   -78.30    71.57     0.33
11    61.11   -61.67    71.57     0.33
11    71.55   -55.14    71.57     0.33
11    30.43   -62.64    71.12     0.33
11    11.18   -65.25    71.06     0.33
11    11.50   -90.04    71.35     0.33
11    17.38   -78.30    71.35     0.33
11    44.46   -71.78    70.84     0.33
11   -31.57   -68.51    71.01     0.33
11   -25.70   -84.17    71.01     0.33
11   -21.78   -92.98    70.66     0.33
11   -30.27   -99.83    70.89     0.33
11   -42.34  -108.96    70.84     0.33
11   -35.49  -120.38    70.84     0.33
11   -37.77  -127.88    70.84     0.33
11   -38.42  -137.66    70.84     0.33
11   -38.42  -149.41    70.84     0.33
11   -47.89  -144.84    70.84     0.33
11   -47.24  -127.88    70.84     0.33
11   -60.61  -129.51    70.84     0.33
11   -68.12  -121.03    70.84     0.33
11    97.65  -205.18    70.72     0.33
11   123.43  -202.25    70.72     0.33
11   134.86  -174.52    70.49     0.33
11   133.88   -97.87    70.38     0.33
11   141.06   -94.28    70.38     0.33
11    44.79  -141.90    70.32     0.33
11    52.95  -135.05    70.32     0.33
11    47.73  -126.90    70.32     0.33
11    56.21  -103.74    70.21     0.33
11    87.21  -144.84    70.04     0.33
11   105.49  -130.81    70.04     0.33
11   109.40  -206.81    69.93     0.33
11    61.11  -217.90    69.87     0.33
11    73.83  -167.02    69.81     0.33
11    69.92  -151.36    69.81     0.33
11    43.48  -153.32    69.75     0.33
11    27.49  -105.37    69.70     0.33
11    -2.53   -77.32    69.64     0.33
11    -1.55   -62.97    69.64     0.33
11   -51.80   -87.11    69.41     0.33
11   -58.33   -96.24    69.41     0.33
11   -43.32   -71.45    69.36     0.33
11   -24.72   -60.36    69.36     0.33
11   128.33  -180.39    69.24     0.33
11    25.21  -202.90    69.24     0.33
11    51.64  -225.08    69.24     0.33
11    89.50  -175.17    68.56     0.33
11   156.07  -121.35    68.56     0.33
11    94.72   -68.51    68.56     0.33
11    86.23   -68.51    68.56     0.33
11    30.43   -78.63    68.56     0.33
11    33.04   -68.19    68.56     0.33
11    23.25   -53.51    68.05     0.33
11     4.32  -143.86    68.33     0.33
11    -6.12  -138.97    68.33     0.33
11   -19.17  -140.93    68.33     0.33
11   108.10  -160.50    68.33     0.33
11   123.76  -159.52    68.33     0.33
11   138.77  -162.45    68.33     0.33
11   140.73  -174.52    68.22     0.33
11   150.52  -158.86    68.28     0.33
11    30.76  -152.01    68.22     0.33
11   110.05  -190.18    68.28     0.33
11    48.71  -233.56    68.28     0.33
11    80.69  -213.01    68.28     0.33
11    51.32  -164.74    67.77     0.33
11    61.11  -156.91    68.05     0.33
11    29.13  -163.10    68.05     0.33
11    82.32   -95.91    68.05     0.33
11    85.58   -83.84    68.11     0.33
11   -15.58   -78.95    67.82     0.33
11   -41.03   -94.61    67.71     0.33
11   -36.47   -80.91    67.71     0.33
11   -53.11  -109.94    67.65     0.33
11   -50.50  -121.68    67.65     0.33
11    -5.47  -172.89    67.65     0.33
11   -14.93  -202.25    67.65     0.33
11    12.16  -196.70    67.65     0.33
11    42.18  -172.56    67.65     0.33
11    54.25  -182.02    67.59     0.33
11    63.72  -166.04    67.59     0.33
11    88.19  -152.99    67.37     0.33
11    78.40  -129.18    67.37     0.33
11    82.32  -121.03    67.37     0.33
11   104.51  -100.48    67.37     0.33
11   117.56  -173.87    67.37     0.33
11    93.74  -194.74    67.37     0.33
11    76.77  -192.46    67.37     0.33
11    -3.18  -210.73    67.08     0.33
11    15.42  -219.53    67.08     0.33
11    32.06  -213.99    66.63     0.33
11   151.17  -141.25    66.63     0.33
11   127.35  -193.44    66.63     0.33
11   138.12  -187.57    66.63     0.33
11    97.33   -96.57    66.40     0.33
11    94.39   -86.13    66.40     0.33
11   -15.91  -105.70    66.29     0.33
11    -5.14   -91.02    66.29     0.33
11    -2.85  -102.76    65.83     0.33
11   -20.80  -154.95    66.23     0.33
11     1.39  -156.26    66.17     0.33
11   -15.25  -164.08    66.12     0.33
11     6.61  -182.67    66.12     0.33
11    70.90  -175.50    65.78     0.33
11    83.62  -224.75    65.43     0.33
11    66.65  -228.34    65.43     0.33
11    49.36  -199.31    65.09     0.33
11    36.63  -119.07    64.87     0.33
11   102.88  -112.87    64.87     0.33
11   116.58  -118.42    64.87     0.33
11    66.00  -135.05    64.87     0.33
11    47.40  -186.92    64.07     0.33
11    -6.12  -190.18    64.41     0.33
11   -20.15  -175.83    63.73     0.33
11    68.61   -79.60    63.56     0.33
11    28.80  -127.23    63.05     0.33
11     9.22  -132.77    64.01     0.33
11    33.04  -193.44    63.67     0.33
11    87.21  -112.87    60.66     0.33
11    74.16  -113.53    60.49     0.33
11    97.00  -140.27    60.55     0.33
11   129.96  -130.49    59.69     0.33
11   145.30  -124.29    60.20     0.33
11   110.71   -90.37    60.09     0.33
11   116.58   -94.93    60.09     0.33
11   105.81   -77.32    59.41     0.33
11    66.65   -56.12    59.69     0.33
11    42.50   -52.86    59.29     0.33
11    47.40   -86.45    59.29     0.33
11    43.81   -77.32    59.29     0.33
11    22.93  -105.70    59.29     0.33
11    25.21   -96.89    59.29     0.33
11    17.70   -89.06    59.29     0.33
11   -39.73  -152.01    59.29     0.33
11   -40.38  -139.95    59.29     0.33
11   -32.88  -139.95    59.29     0.33
11   -49.19  -150.06    59.29     0.33
11   -52.46  -138.64    59.29     0.33
11   -63.23  -127.23    59.29     0.33
11   -39.08  -106.68    59.29     0.33
11   -45.28   -87.11    58.73     0.33
11   -39.08   -75.04    58.38     0.33
11    34.67   -63.62    58.67     0.33
11    47.07   -63.95    58.21     0.33
11    58.17   -64.27    58.04     0.33
11    71.87   -66.56    57.82     0.33
11    82.97   -67.86    58.16     0.33
11   109.40  -162.78    58.21     0.33
11   126.04  -155.93    57.87     0.33
11   133.22  -156.26    57.87     0.33
11   112.34  -203.55    57.87     0.33
11   103.53  -210.07    57.87     0.33
11    72.20  -214.31    57.87     0.33
11    83.95  -200.61    57.13     0.33
11    53.93  -237.15    57.70     0.33
11    43.81  -228.34    57.70     0.33
11    31.74  -153.97    57.30     0.33
11    50.66  -151.04    57.30     0.33
11    64.37  -153.65    57.30     0.33
11    64.04  -163.10    57.30     0.33
11    80.36  -150.38    57.19     0.33
11   120.50  -104.07    57.19     0.33
11    79.71   -97.54    57.02     0.33
11    67.31  -102.76    57.02     0.33
11    56.86   -96.24    56.45     0.33
11    21.95   -55.79    56.85     0.33
11    -7.10   -80.91    56.85     0.33
11   -21.46   -82.87    56.91     0.33
11   -18.84   -94.93    56.40     0.33
11   -34.51  -131.47    56.11     0.33
11   -15.58  -137.34    56.51     0.33
11   153.13  -141.58    56.51     0.33
11   138.45  -183.98    56.51     0.33
11   123.76  -183.33    56.51     0.33
11   126.70  -194.74    56.51     0.33
11   111.03  -181.37    55.32     0.33
11    99.29  -193.76    55.71     0.33
11     4.65  -181.04    55.71     0.33
11     1.39  -159.52    55.71     0.33
11    11.83  -149.73    55.71     0.33
11    -5.14  -145.82    55.71     0.33
11    89.82  -220.84    54.58     0.33
11    76.12  -226.06    54.58     0.33
11    65.67  -229.97    54.58     0.33
11   134.53  -173.22    54.58     0.33
11   145.95  -157.23    54.58     0.33
11    20.64  -211.05    54.58     0.33
11    39.89  -200.94    54.58     0.33
11    74.48  -184.31    54.63     0.33
11    74.81  -170.28    54.63     0.33
11   100.92   -98.52    54.63     0.33
11    97.33   -87.11    54.63     0.33
11    85.58   -88.41    54.63     0.33
11    84.93   -73.73    54.63     0.33
11    97.65   -73.41    54.63     0.33
11    -9.71   -60.36    54.12     0.33
11   -17.87  -156.58    54.12     0.33
11    -8.40  -163.43    54.12     0.33
11    -7.10  -182.02    54.12     0.33
11    -2.20  -210.73    54.12     0.33
11    23.25  -200.29    54.12     0.33
11    56.54  -223.45    54.12     0.33
11   113.97  -113.85    54.12     0.33
11   109.73  -133.10    54.12     0.33
11    81.99  -126.25    53.44     0.33
11    68.28  -130.49    53.78     0.33
11    98.63  -111.90    52.93     0.33
11    97.98  -125.92    53.33     0.33
11    68.61   -79.60    53.33     0.33
11    22.93   -67.86    53.33     0.33
11    -3.18  -109.61    52.42     0.33
11   -16.56  -108.96    52.47     0.33
11   -32.22   -89.72    52.47     0.33
11    47.40  -133.75    51.90     0.33
11    35.33  -124.29    51.90     0.33
11    32.06  -105.70    51.90     0.33
11    64.37  -116.79    51.90     0.33
11    58.82  -137.34    51.39     0.33
11    42.83  -144.84    51.79     0.33
11    52.62  -109.29    51.79     0.33
11    53.93  -123.31    51.79     0.33
11    43.48   -95.26    51.79     0.33
11    53.27  -182.67    51.79     0.33
11    43.81  -193.11    51.79     0.33
11    60.13  -193.44    51.79     0.33
11    80.36  -212.36    51.79     0.33
11    99.61  -177.46    51.79     0.33
11   122.46  -169.63    51.79     0.33
11    43.48  -112.22    51.79     0.33
11    -5.47  -134.08    51.79     0.33
11     4.32  -139.29    51.79     0.33
11   -30.59  -119.07    51.79     0.33
11   -44.62  -121.35    51.79     0.33
11   -20.80  -170.61    51.34     0.33
11   -10.36  -197.68    51.68     0.33
11    -0.90  -190.50    51.73     0.33
11    12.16  -215.94    51.73     0.33
11     7.59  -202.90    51.73     0.33
11    14.77  -186.26    51.73     0.33
11    46.09  -171.26    51.73     0.33
11    53.60  -159.52    51.73     0.33
11    38.26  -159.19    51.62     0.33
11     9.55  -159.52    51.68     0.33
11    20.31  -166.69    51.68     0.33
11    28.47  -141.90    51.68     0.33
11    21.62  -114.51    51.68     0.33
11    19.99  -129.51    51.68     0.33
11     6.28  -128.20    51.68     0.33
11    10.85  -114.51    51.68     0.33
11    12.81  -101.78    51.68     0.33
11    -5.14   -99.50    51.68     0.33
11    -9.71  -123.64    51.68     0.33
11   -19.50  -124.29    51.68     0.33
11   -25.04  -147.45    51.68     0.33
11   -30.59  -104.39    51.68     0.33
11     3.67   -85.80    51.11     0.33
11    27.82   -85.15    51.51     0.33
11    12.81   -76.67    51.34     0.33
11     1.06   -69.82    51.28     0.33
11    10.52   -61.01    49.86     0.33
11   107.44   -88.41    49.40     0.33
11   110.05   -98.52    49.86     0.33
11   147.58  -123.31    49.91     0.33
11   133.55  -119.07    49.91     0.33
11   118.54  -130.49    49.91     0.33
11   119.19  -119.07    49.91     0.33
11   133.88  -144.19    49.91     0.33
11    99.29  -137.01    49.91     0.33
11    82.64  -113.85    49.91     0.33
11    86.23  -100.48    49.91     0.33
11    37.28   -56.12    48.44     0.33
11    33.69   -73.08    48.44     0.33
11    44.46   -82.87    48.44     0.33
11   -46.58  -147.12    48.44     0.33
11   -45.60  -134.08    48.44     0.33
11   -54.41  -130.16    48.44     0.33
11   -38.10  -105.37    48.44     0.33
11   -34.51  -154.30    48.44     0.33
11   132.57  -156.26    47.01     0.33
11   127.02  -135.38    47.01     0.33
11   118.87  -101.78    47.01     0.33
11    62.41   -68.84    47.01     0.33
11    51.32   -71.12    47.01     0.33
11    46.75   -57.75    47.01     0.33
11    17.05   -91.67    47.01     0.33
11   102.22  -207.46    46.50     0.33
11    81.66  -199.31    46.50     0.33
11   125.72  -191.16    46.56     0.33
11    91.13  -143.86    46.56     0.33
11    77.10  -137.99    46.56     0.33
11    64.70  -154.95    46.56     0.33
11   -22.11   -80.91    46.56     0.33
11   -33.20   -74.06    46.11     0.33
11   -27.33  -136.68    46.39     0.33
11   109.73  -156.26    46.39     0.33
11   119.84  -149.41    46.39     0.33
11   116.25  -143.21    46.39     0.33
11   155.41  -143.21    46.39     0.33
11    51.97  -233.56    46.39     0.33
11    30.10  -152.67    46.33     0.33
11    29.78  -187.24    45.37     0.33
11    37.94  -176.48    45.37     0.33
11    -0.24  -152.01    45.14     0.33
11    -0.24  -168.00    44.85     0.33
11     4.65  -178.76    44.17     0.33
11    -9.38  -141.90    43.72     0.33
11    69.26  -144.51    43.26     0.33
11    90.80   -75.04    43.38     0.33
11    97.65   -95.91    43.38     0.33
11   110.71  -115.48    43.09     0.33
11    80.03  -223.12    42.18     0.33
11    69.92  -228.99    42.52     0.33
11    70.24  -129.84    42.30     0.33
11    89.82  -129.51    41.78     0.33
11   109.40  -121.68    41.67     0.33
11    93.74  -112.55    42.01     0.33
11   -19.50  -160.50    41.78     0.33
11    45.77  -132.77    41.05     0.33
11    72.20  -113.53    40.02     0.33
11    78.07   -95.59    40.48     0.33
11    98.96  -179.74    39.97     0.33
11   121.48  -164.74    39.74     0.33
11    60.13  -185.61    39.00     0.33
11    81.99  -185.28    38.77     0.33
11    60.78  -163.43    38.77     0.33
11    43.16  -163.10    38.03     0.33
11    36.96  -144.84    37.29     0.33
12    45.77  -117.44   194.09     0.33
12    58.49  -107.66   187.78     0.33
12    70.24  -123.96   187.83     0.33
12    55.88   -94.28   184.25     0.33
12    38.26   -87.43   183.51     0.33
12    38.59   -79.60   183.45     0.33
12    44.46  -115.48   183.63     0.33
12    50.99  -111.90   183.63     0.33
12    25.54  -124.29   183.63     0.33
12    30.10  -132.44   182.94     0.33
12    68.28  -131.47   182.77     0.33
12     8.57   -85.48   172.65     0.33
12    38.26  -133.75   171.91     0.33
12    33.04  -133.42   171.57     0.33
12    29.13  -121.68   171.46     0.33
12    67.63  -127.88   171.40     0.33
12    61.11  -136.36   171.40     0.33
12    47.07  -114.18   170.44     0.33
12    37.94   -82.87   169.98     0.33
12    48.71   -91.35   169.41     0.33
12    35.65  -172.24   163.56     0.33
12    33.37  -159.84   162.88     0.33
12    43.81  -148.75   162.59     0.33
12    26.84  -146.47   162.53     0.33
12    80.36  -147.12   162.31     0.33
12    83.62  -139.29   162.19     0.33
12    87.54  -151.36   161.80     0.33
12    28.80  -112.87   161.85     0.33
12    10.52   -85.48   161.17     0.33
12    30.43  -120.70   160.43     0.33
12    34.02  -133.10   159.81     0.33
12    62.08  -133.75   158.95     0.33
12    68.28  -124.94   158.73     0.33
12    48.38  -116.79   158.61     0.33
12    51.32   -92.65   158.44     0.33
12    93.41  -163.76   156.96     0.33
12    87.86  -157.23   157.30     0.33
12    97.65  -152.99   156.74     0.33
12   103.53  -137.34   156.96     0.33
12   107.44  -129.84   156.51     0.33
12    -0.90  -164.08   156.51     0.33
12    -0.57  -173.54   155.94     0.33
12   -15.91  -149.08   155.77     0.33
12   -24.07  -138.97   155.54     0.33
12   -12.64  -130.49   154.86     0.33
12    -2.53  -141.58   154.86     0.33
12     8.57  -131.79   154.69     0.33
12    50.34   -85.80   154.12     0.33
12    36.30   -85.80   153.67     0.33
12    25.21   -93.30   153.38     0.33
12    24.56   -81.56   152.19     0.33
12    31.08   -77.00   151.79     0.33
12     9.87   -76.02   152.07     0.33
12    -3.18   -62.97   151.73     0.33
12    35.65  -173.22   151.45     0.33
12    39.89  -161.80   150.77     0.33
12    46.09  -157.89   151.16     0.33
12    46.09  -151.36   150.60     0.33
12    56.86  -142.88   150.94     0.33
12    78.40  -152.01   150.71     0.33
12    80.36  -168.65   149.74     0.33
12    85.58  -148.75   150.08     0.33
12    86.23  -120.05   149.91     0.33
12     3.67  -100.48   149.40     0.33
12     3.02   -88.74   148.72     0.33
12    13.79   -89.39   149.06     0.33
12     4.32  -111.24   148.83     0.33
12     4.32  -121.35   148.26     0.33
12    -7.10  -112.22   147.92     0.33
12   -23.09  -130.16   148.15     0.33
12    -2.20  -156.58   148.09     0.33
12    49.68  -117.11   147.24     0.33
12    46.09  -136.03   146.62     0.33
12    35.33  -137.01   146.39     0.33
12    48.38   -98.20   146.67     0.33
12    43.81   -85.48   146.28     0.33
12    90.47  -159.52   146.16     0.33
12    89.82  -168.65   145.65     0.33
12   103.53  -138.64   145.65     0.33
12    -3.18  -167.67   145.59     0.33
12     8.24  -166.04   144.68     0.33
12     8.57  -171.26   144.68     0.33
12    26.51  -105.37   144.40     0.33
12    36.63  -116.79   143.77     0.33
12    -5.14  -138.97   143.94     0.33
12    67.31  -127.88   142.75     0.33
12    27.49   -76.34   139.74     0.33
12    39.57  -169.63   137.41     0.33
12    41.53  -162.45   137.41     0.33
12     5.96  -191.81   137.24     0.33
12    19.66  -193.76   137.12     0.33
12    49.36  -143.21   137.07     0.33
12    93.74  -151.69   136.67     0.33
12    78.73  -152.67   136.04     0.33
12    39.57   -84.82   136.21     0.33
12    55.56   -84.50   135.70     0.33
12    19.99  -126.90   135.42     0.33
12    35.00  -131.14   135.42     0.33
12    19.99  -116.14   135.08     0.33
12   -12.64  -118.09   134.73     0.33
12   -24.39  -113.20   134.39     0.33
12    68.94  -143.21   134.39     0.33
12    50.34  -100.81   133.43     0.33
12    42.83   -96.24   132.18     0.33
12    50.99  -131.14   131.38     0.33
12    69.26  -127.23   131.15     0.33
12    67.96  -134.40   130.98     0.33
12     8.57  -195.40   126.26     0.33
12    33.69  -135.71   124.16     0.33
12    41.85   -92.65   121.37     0.33
12    41.85  -105.70   120.12     0.33
12    91.13  -179.74   119.84     0.33
12    88.19  -161.15   119.50     0.33
12    14.11   -89.72   119.10     0.33
12    50.99  -128.20   117.62     0.33
12     8.89  -193.11   114.78     0.33
12    13.14   -90.69   107.22     0.33
12     9.55   -99.83   106.71     0.33
12    51.32   -89.39   104.04     0.33
12    12.48  -184.31   104.04     0.33
12    39.57  -157.23   104.04     0.33
12    39.24  -149.41   103.41     0.33
12   -15.58  -133.10   103.64     0.33
12    -3.83  -126.90   103.35     0.33
12   -16.89  -118.09   103.47     0.33
12   -37.45  -162.78   103.30     0.33
12    88.52  -182.67   102.78     0.33
12    91.13  -172.56   102.78     0.33
12    69.92  -132.44   102.78     0.33
12    55.56  -140.27   102.67     0.33
12     0.41  -121.68   102.56     0.33
12    34.67   -89.39   102.05     0.33
12   -19.82  -157.56   102.05     0.33
12   -11.34  -171.91   102.05     0.33
12    24.88  -195.40   102.05     0.33
12    58.49  -167.34   101.99     0.33
12    52.62  -161.80   101.65     0.33
12    82.32  -160.82   101.65     0.33
12    48.38  -108.31   101.65     0.33
12    58.82  -107.98   101.25     0.33
12    24.88   -95.26   101.36     0.33
12     8.57  -107.66   101.31     0.33
12    41.85  -131.79   100.97     0.33
12    99.61  -150.06   100.68     0.33
12    67.63  -110.92    99.20     0.33
12    17.05  -122.33    97.27     0.33
12     9.22  -136.03    97.27     0.33
12    15.75   -87.76    96.19     0.33
12    39.89  -172.89    96.19     0.33
12    15.09  -167.34    95.74     0.33
12   104.83  -178.76    94.60     0.33
12    89.50  -192.79    94.60     0.33
12    59.80  -127.88    94.60     0.33
12    23.25  -107.66    94.54     0.33
12    25.54  -129.51    94.43     0.33
12    33.04  -142.23    94.48     0.33
12    88.84  -126.57    94.14     0.33
12    50.99  -149.73    93.80     0.33
12   -16.23  -119.40    93.06     0.33
12    -2.85  -129.84    93.06     0.33
12   114.62  -148.10    92.55     0.33
12    97.98  -172.56    92.38     0.33
12   -10.36  -109.61    91.87     0.33
12    62.74  -173.22    91.81     0.33
12    -5.14  -160.82    91.53     0.33
12    13.46  -189.20    91.59     0.33
12     5.63  -107.00    90.85     0.33
12    47.40   -86.13    90.85     0.33
12    71.87  -131.14    90.28     0.33
12     9.55  -102.76    90.56     0.33
12     5.63  -120.05    89.82     0.33
12    -5.79  -103.09    89.88     0.33
12   113.97  -177.78    89.60     0.33
12    58.17  -106.02    88.91     0.33
12    33.04   -87.76    88.91     0.33
12    23.25   -92.00    88.91     0.33
12   -12.97  -130.16    88.46     0.33
12    40.22  -156.58    88.69     0.33
12     6.61  -175.83    88.69     0.33
12    51.64  -141.90    88.52     0.33
12    21.95  -118.09    87.95     0.33
12    43.48  -112.55    87.95     0.33
12    46.42  -101.13    87.95     0.33
12    38.59   -93.30    87.72     0.33
12    16.07  -139.29    87.44     0.33
12    19.01  -182.67    87.44     0.33
12    45.44  -121.35    87.32     0.33
12    77.75  -197.35    87.26     0.33
12   -22.76  -160.82    86.92     0.33
12    52.95  -182.35    85.05     0.33
12    -7.42  -139.95    82.32     0.33
12    59.47  -150.71    82.32     0.33
12    65.35  -143.21    82.32     0.33
12    79.05  -148.75    82.32     0.33
12    86.89  -194.09    82.32     0.33
12    79.71  -130.49    82.32     0.33
12     5.96   -81.89    82.15     0.33
12    25.86   -82.87    82.03     0.33
12    -4.81  -123.31    81.52     0.33
12     0.08  -138.97    81.92     0.33
12     2.37  -142.88    81.92     0.33
12    32.06  -144.51    81.81     0.33
12    34.35  -168.32    81.81     0.33
12   104.83  -167.02    81.81     0.33
12   109.73  -159.84    81.81     0.33
12   109.08  -152.67    81.81     0.33
12    51.64   -94.28    81.69     0.33
12    32.72  -185.28    81.64     0.33
12   -16.89  -121.35    81.64     0.33
12    51.97  -210.07    81.64     0.33
12    16.73  -202.25    81.52     0.33
12    13.46   -93.63    81.52     0.33
12    53.60  -165.06    81.41     0.33
12    64.04  -168.98    81.35     0.33
12    56.21  -174.52    81.35     0.33
12    57.19  -158.54    81.18     0.33
12    26.19  -163.76    80.33     0.33
12    -4.81  -166.69    80.61     0.33
12    -2.85  -103.74    79.42     0.33
12    11.83  -103.74    79.42     0.33
12    -3.51   -95.26    79.19     0.33
12    46.09  -107.66    77.94     0.33
12    24.56   -91.35    77.49     0.33
12    41.20   -95.26    77.49     0.33
12    18.03  -184.96    77.32     0.33
12    12.16  -112.55    77.15     0.33
12    17.70  -137.34    77.15     0.33
12    37.61  -106.35    76.92     0.33
12   -13.30  -150.71    76.41     0.33
12   -25.04  -161.15    76.80     0.33
12     0.41  -177.46    76.41     0.33
12    17.05  -124.62    76.46     0.33
12     5.30  -130.16    76.46     0.33
12    46.75  -119.40    76.46     0.33
12    61.43   -92.33    75.55     0.33
12    22.93  -194.42    75.55     0.33
12    82.97  -162.13    74.30     0.33
12    93.09  -183.98    74.30     0.33
12    15.42  -161.47    74.02     0.33
12    36.30  -131.79    74.02     0.33
12    59.15  -126.57    73.85     0.33
12    72.85  -104.07    73.45     0.33
12    93.09  -125.59    73.00     0.33
12    59.15  -142.56    71.69     0.33
12    72.85  -143.53    71.69     0.33
12    80.69  -135.71    71.69     0.33
12    78.40  -152.34    71.69     0.33
12    84.27  -185.61    71.69     0.33
12   112.01  -149.73    71.69     0.33
12    49.03   -95.26    71.69     0.33
12    14.77   -99.83    70.84     0.33
12     4.32   -98.20    70.84     0.33
12     6.28   -80.58    70.84     0.33
12    28.47  -184.96    70.84     0.33
12   -12.97  -124.62    70.84     0.33
12   106.79  -168.98    68.45     0.33
12    98.96  -149.73    68.50     0.33
12    95.37  -164.74    68.50     0.33
12    33.04  -143.53    68.50     0.33
12    51.64  -150.06    68.50     0.33
12     2.04  -115.81    68.16     0.33
12    -2.53  -128.86    68.16     0.33
12    17.38  -126.57    66.17     0.33
12    21.95  -117.77    66.23     0.33
12    13.79  -110.59    66.23     0.33
12    44.46  -207.46    66.23     0.33
12    19.99  -182.02    66.23     0.33
12    -8.40  -154.62    66.23     0.33
12    12.16  -207.46    66.23     0.33
12    14.77  -190.18    66.23     0.33
12    47.07  -118.42    66.23     0.33
12    49.68  -107.66    66.23     0.33
12    41.53  -106.68    66.23     0.33
12    37.94   -96.89    66.23     0.33
12    28.47   -89.72    66.23     0.33
12    92.76  -107.00    66.23     0.33
12   106.14  -143.53    65.95     0.33
12    20.64  -133.42    64.24     0.33
12     6.61  -107.00    64.24     0.33
12    11.18  -122.66    64.24     0.33
12   -11.01  -117.11    64.24     0.33
12    10.52  -174.85    64.24     0.33
12   -23.09  -167.67    64.30     0.33
12    83.62  -165.06    64.24     0.33
12    96.68  -186.26    63.73     0.33
12    35.98  -135.05    63.79     0.33
12    71.87   -89.39    63.79     0.33
12    61.43   -89.72    63.79     0.33
12    55.88   -79.60    63.79     0.33
12   -24.07  -118.42    63.79     0.33
12    20.64  -167.67    63.79     0.33
12    21.62  -143.86    63.44     0.33
12    16.40  -162.13    63.39     0.33
12    55.23  -176.15    62.53     0.33
12    62.41  -184.31    62.53     0.33
12    59.15  -130.81    62.59     0.33
12    66.33  -120.70    62.53     0.33
12    31.41  -174.19    61.97     0.33
12     9.22   -92.33    61.06     0.33
12    16.73   -82.21    61.06     0.33
12    63.39  -145.82    61.06     0.33
12    76.44  -140.60    61.06     0.33
12    86.23  -135.38    61.06     0.33
12   113.64  -151.36    61.06     0.33
12    85.91  -188.87    60.09     0.33
12    30.43  -182.35    60.09     0.33
12    22.93  -188.87    60.09     0.33
12    87.21  -174.52    57.13     0.33
12    -2.53  -172.56    57.13     0.33
12    92.43  -155.93    55.83     0.33
12   -43.97   -97.22    55.14     0.33
12   -43.32  -164.74    54.12     0.33
12    43.81  -208.12    53.89     0.33
12    52.62  -200.61    53.95     0.33
12   112.34  -170.93    52.42     0.33
12   120.82  -197.35    52.42     0.33
12    47.07  -215.29    51.05     0.33
12    61.76  -215.29    50.77     0.33
12    66.33  -204.85    50.77     0.33
12    74.48  -196.37    50.77     0.33
12    54.58   -83.84    50.20     0.33
12     4.32   -99.18    49.91     0.33
12    73.51  -160.50    49.69     0.33
12    82.97  -159.52    49.69     0.33
12    87.21  -188.55    49.69     0.33
12    93.09  -182.02    49.69     0.33
12    32.39  -169.30    48.83     0.33
12    23.58  -179.41    49.12     0.33
12    22.60  -122.01    48.49     0.33
12    10.85   -84.82    48.44     0.33
12     4.98  -108.96    48.32     0.33
12    13.79  -122.66    48.32     0.33
12    23.58  -100.81    46.67     0.33
12    31.41   -92.65    46.67     0.33
12   101.57  -159.52    46.39     0.33
12   101.24  -146.80    46.39     0.33
12    63.39  -174.85    45.48     0.33
12    91.78  -155.28    45.48     0.33
12    90.80  -171.26    44.97     0.33
12    59.15  -100.15    45.25     0.33
12    68.94   -98.52    45.25     0.33
12    32.39  -133.42    44.74     0.33
12    12.16  -147.77    44.74     0.33
12    20.64  -156.58    44.74     0.33
12    -4.49   -93.30    44.23     0.33
12    73.83  -173.87    43.04     0.33
12    72.53   -87.11    41.84     0.33
12   -14.28  -133.42    41.39     0.33
12    -9.05  -152.34    41.39     0.33
12    20.64  -109.94    41.39     0.33
12    42.83   -99.50    41.39     0.33
12    59.47  -110.92    41.39     0.33
12    54.91  -123.96    40.99     0.33
12    52.29  -137.66    41.16     0.33
12    48.38  -174.85    40.82     0.33
12   109.40  -167.67    40.82     0.33
12    46.09  -207.46    40.82     0.33
12    65.67  -189.52    40.36     0.33
12     8.89  -166.04    40.53     0.33
12    10.52  -200.61    40.53     0.33
12     4.98  -210.73    40.53     0.33
12     2.04  -124.94    40.25     0.33
12    33.69  -100.48    39.51     0.33
12    14.77   -77.00    38.94     0.33
12    53.93   -87.43    39.34     0.33
12    83.62  -110.92    39.06     0.33
12    94.39  -105.37    39.11     0.33
12    69.59  -162.78    38.83     0.33
12    92.43  -188.55    38.83     0.33
12   104.51  -178.11    38.83     0.33
12    85.25  -179.74    38.89     0.33
12    24.23  -180.39    38.26     0.33
12    13.46  -131.14    38.26     0.33
12    16.73  -117.77    37.35     0.33
12    26.51  -126.90    37.46     0.33
12     5.96   -89.06    36.61     0.33
12     6.94  -109.61    37.01     0.33
12    27.17  -140.93    35.47     0.33
12    91.45  -150.71    35.19     0.33
12    99.61  -168.00    35.19     0.33
12   107.12  -151.69    35.19     0.33
12    92.76  -159.19    35.19     0.33
12    81.01  -161.80    35.19     0.33
12    72.20  -103.74    34.96     0.33
12    21.62  -101.13    34.74     0.33
12     5.96  -100.81    34.22     0.33
12    25.54  -161.47    34.56     0.33
12    35.33  -177.13    34.56     0.33
12    46.75  -190.50    33.71     0.33
12   -10.03  -165.39    33.88     0.33
12     1.71  -173.22    33.88     0.33
12   -18.84  -114.83    32.40     0.33
12    -8.08   -93.30    32.69     0.33
12   -32.88  -122.99    32.52     0.33
12   -31.25  -147.12    31.72     0.33
12   -17.54  -122.33    31.72     0.33
12    91.78  -171.59    29.28     0.33
12    82.64  -170.93    29.28     0.33
12   109.08  -160.50    28.82     0.33
12   100.26  -180.39    28.54     0.33
12    92.43  -189.52    28.14     0.33
12    84.27  -182.67    28.42     0.33
12    66.98  -194.42    28.31     0.33
12    47.07  -174.52    27.91     0.33
12    46.42  -102.44    27.34     0.33
12    63.06   -92.33    26.89     0.33
12    23.58  -124.29    26.72     0.33
12    24.56  -110.59    26.66     0.33
12    13.79   -78.95    26.09     0.33
12     5.30   -87.11    25.87     0.33
12     3.67  -124.94    24.73     0.33
12    26.51  -140.27    24.73     0.33
12    20.31  -100.81    23.99     0.33
12    30.76  -176.48    24.22     0.33
12    91.78  -158.21    23.93     0.33
12    98.63  -152.99    23.48     0.33
12    99.94  -166.37    23.76     0.33
12    34.67  -190.18    23.31     0.33
12    47.73  -213.01    23.19     0.33
12    35.33  -212.03    23.31     0.33
12    33.69  -137.99    22.51     0.33
12    31.08  -156.91    21.38     0.33
12    46.75  -172.24    17.11     0.33
12    50.34  -182.35    16.83     0.33
12    63.39  -185.28    16.71     0.33
12    66.33  -194.42    16.60     0.33
12    64.70  -173.54    16.03     0.33
12    71.22  -159.19    16.03     0.33
12    85.91  -186.92    15.63     0.33
12    99.61  -181.70    15.75     0.33
12    24.88  -128.53    15.35     0.33
12    24.56  -115.16    15.35     0.33
12    62.41  -111.24    15.35     0.33
12    72.53  -107.66    14.89     0.33
12     6.61  -157.56    14.89     0.33
12    15.09  -163.43    14.61     0.33
12    -0.57  -162.13    14.16     0.33
12    19.01  -184.63    14.04     0.33
12    35.65  -181.04    13.93     0.33
12    29.13  -174.85    13.53     0.33
12    83.95  -145.17    13.76     0.33
12    19.99  -143.21    13.19     0.33
12    27.17  -142.23    10.12     0.33
12    36.63  -153.32     1.53     0.33
