    0.50000000000000000        3.5368731283773214E-002   7.7853805225598493E-003   1.5405498813927531E-002   7.3433167449317920E-005   9.8622745736540521E-004
    0.54998553240740744        4.4022511886704876E-002   1.1030345691230693E-002   2.1433353528024550E-002   1.5178131231411538E-004   1.3498663276189612E-003
    0.59997106481481477       5.54693410934670381E-002  1.59310374936529678E-002  2.99548597546308963E-002  1.77373392943487845E-004  1.59943484877270018E-003
    0.65002893518518523        7.0560786003956016E-002   2.3371307359083458E-002   4.2006056441743947E-002   5.8481654261065079E-004   1.8987568455760709E-003
    0.67997685185185186       8.88835472382196734E-002  3.16964157396645366E-002  5.60097598503880162E-002  1.33336789295196803E-003  3.09080929260895261E-003
    0.70001446759259256       0.10584738293904623        3.9097427285612642E-002   6.9333776041292289E-002   5.6549015213693673E-003   8.2907305896269545E-003
    0.70999710648148151       0.12501805287286977       4.58639284078724910E-002  8.37563392578220683E-002  1.06592578183017598E-002  1.55059781507684673E-002
    0.71997974537037035       0.18784711677651719        6.7487256830699352E-002  0.12888617882744388        1.9524313831509710E-002   2.9768478760189777E-002
    0.73003472222222221       0.33189694497604449       0.11551007681685474       0.23271471394204396        3.0004550132290392E-002   5.0350420039454197E-002
    0.74001736111111116       0.47563723180902817       0.16313393836741069       0.33957095549481209        3.5643280755910986E-002   8.6499941248323775E-002
    0.75000000000000000       0.64638195193513848       0.22017777557136978       0.46906264199353143       4.06696340034892606E-002  6.65166345828395733E-002
    0.75998263888888884       0.72904714864133213       0.25082577918434112       0.53688497147505920        4.2904295523207840E-002   4.3508011689753143E-002
    0.78002025462962965       0.78874315518627369       0.28317176964053442       0.59760932225111518       4.52875289074792936E-002  2.75402310708091486E-002
    0.79998553240740744       0.82203341778163952       0.30961547062701411       0.64001939655835516        4.6545870754447334E-002   1.7279975692748084E-002
    0.82002314814814814       0.84496122367321913       0.33825911422385246       0.67589303233156883       4.75451483309386747E-002  1.04641760290463716E-002    
    0.83998842592592593       0.85207477653197183       0.36623383709182250       0.69899108805540444        4.7896472980170156E-002   2.1963692426023595E-002
    0.86002604166666663       0.85658426862500014       0.39893749888986030       0.72038547430987554        4.8049686121476698E-002   1.3391183187609998E-002
    0.87999131944444442       0.86827150673106679       0.44419166825163975       0.74826523999437089        4.8017983916240209E-002   1.5008483109900784E-002
    0.90002893518518523       0.86456329365524598       0.49991537313968770       0.76283517698357917        4.7711811426587945E-002   2.2397985385824885E-002
    0.91999421296296291       0.87732439870221635       0.59596835138413895       0.79160445167897175        4.7383582899704374E-002   2.1424090536912729E-002
    0.94003182870370372       0.86129973739791554       0.74147705420081966       0.78418388125086591        4.5702218559667385E-002   2.4136647767902135E-002
    0.95001446759259256       0.85829596716174927       0.83942245028203799       0.77923515259657328        3.5535675698374472E-002   3.2928300618246954E-002
    0.95999710648148151       0.87764638267485273       0.88488721325297437       0.80714223124296103        5.1864409506159307E-006  0.14397922910528832     
    0.96997974537037035       0.97206375483964036       0.97479634360253375       0.91361883856206372        2.4612941230076576E-007   7.6765545228446169E-002
    0.98003472222222221       0.97569102928702800       0.97948986117851600       0.93665608289551916        1.1406879469181973E-007   6.4936071641688992E-002
    0.99001736111111116       0.99992203354180142       0.99988853027507163       0.97995866081477701        5.7578121777155899E-016   8.7448830585902824E-005          
    0.99898726851851849       0.99999999999999944        1.0000000000000000       0.99797453703655137        1.9024374964568453E-016   1.1826350802566131E-014
