  0.30004882812500000        3.2943535115542474E-002   5.9751172296199362E-003   6.9879038057717446E-003   6.1323228697530838E-005   1.7144578826561521E-003
  0.39990234375000000        3.2400396402454235E-002   9.2340057651558553E-003   9.3642909790006782E-003   9.6850662905448968E-005   4.0528459116512136E-004
  0.44995117187500000        3.7314916245800078E-002   1.2632292422254629E-002   1.1809669869070389E-002   1.2508545554172737E-004   5.0493425346812156E-004
  0.50000000000000000        3.9338785717532444E-002   1.6149210776658731E-002   1.3764761522849823E-002   1.9429929972625029E-004   3.0373377995769846E-004
  0.55004882812500000        4.1156162835441094E-002   2.0204738339681907E-002   1.5889944322007854E-002   1.9128035766441658E-004   6.3747801628159339E-004
  0.60009765625000000        4.5895820048846694E-002   2.6263959503556235E-002   1.9217545808457564E-002   2.1082624309326473E-004   1.2208356937510874E-003
  0.64990234375000000        5.0306712186279690E-002   3.3203190912137123E-002   2.2852920042117923E-002   2.1459806725564748E-004   1.2122485512951480E-003
  0.69995117187500000        6.2256023433404209E-002   4.5090076689028639E-002   3.1316404757703947E-002   1.0812523722441883E-004   4.2906219057759131E-003
  0.75000000000000000        8.4526019527665891E-002   6.8241442337275013E-002   4.7053957451776908E-002   1.0497417486719929E-004   1.3104507715292209E-002
  0.80004882812500000       0.14806356750958949       0.12704056703324806        9.3238681191634878E-002   7.0421906317212938E-005   2.3951379779130609E-002
  0.84008789062500000       0.17354551458048401       0.17580419203510653       0.11788973247163285        2.2226537193728201E-005   3.9972999700576217E-002
  0.86010742187500000       0.19633895232391860       0.18472241443849247       0.14328027706266047        3.7996227618839223E-005   8.1193223277597024E-002
  0.87988281250000000       0.23287025863085406       0.23092053978372173       0.17743130016682959       3.38184515862930795E-005  0.10046901395486281     
  0.89990234375000000       0.24549700248843612       0.26759215225874422       0.19467989742783262        2.2732343547797905E-005   9.9507446440263672E-002
  0.91992187500000000       0.36536014308458664       0.37994691735070640       0.30583758939795935        1.4929194831263409E-005  0.12616059812811831     
  0.93994140625000000       0.64944602447338062       0.67444735033849046       0.56996785403352301       2.71481013989662066E-006  0.25701138686660541     
  0.95996093750000000       0.81178224408008393       0.82494283172631833       0.74629132845692714       3.30040044155113638E-006  0.24373204663658304     
  0.97998046875000000       0.91748764604887589       0.92216587467642397       0.88066534488452375       1.26161910415986189E-009  0.23830676330661088     
  0.98999023437500000       0.99995390171172061       0.99991119716706278       0.97993577486975558        1.0633887387346408E-016   1.1824889225336240E-004
  0.99902343750000000        1.0000000000000000        1.0000000000000000       0.99804687500000000        3.1179956538996780E-017   1.1102230246251565E-016 


