  0.59960937500000000       0.28237289139971183        8.1335767311709314E-002  0.15177026204542182        8.5094218606669865E-004   1.4326411689559502E-002
  0.66015625000000000       0.51498909947253391       0.16147240895841344       0.31756942123571902        4.2511074094211069E-003   4.6168188548192594E-002
  0.66992187500000000       0.58650065209372815       0.18179381232460173       0.36935785019633444        9.9398904442102448E-003   5.9789654326187797E-002
  0.67382812500000000       0.58363857228250926       0.18349734064638595       0.37063758706561561        8.1472974933301245E-003   4.8974595993429161E-002
  0.67968750000000000       0.60089059055582172       0.19076336008018874       0.38522561780980913        1.0081301499672148E-002   6.2201637972955255E-002
  0.68945312500000000       0.67473140924800223       0.21292490865051975       0.44202612376809525        1.4039853416621655E-002   3.7204676113828203E-002
  0.69921875000000000       0.69022970084407942       0.22120933571535395       0.45944935325509223        2.0149774777745676E-002   4.1787118385857906E-002
  0.72070312500000000       0.81411669845657852       0.25840753398955763       0.56464178493694406        3.4977086578032147E-002   2.2332050934513837E-002
  0.80078125000000000       0.90403101985255563       0.34036814971093665       0.70551998863645871        3.7036056677166126E-002   1.0045372562709102E-002
  0.90039062500000000       0.94899144821436576       0.54487349620899073       0.83975956193986256        3.9249338346421546E-002   9.0044838647584894E-003
  0.93945312500000000       0.95784881460507554       0.80339775047297279       0.87534436874337973        4.4038787537677183E-002   1.6365967938123276E-002
  0.94921875000000000       0.97085383163966610       0.92917448118169454       0.88635662181687813        3.7750923215481506E-002   6.8657168413120747E-003
  0.96093750000000000       0.99761633166330943       0.99576194515879135       0.91975361325709515        6.8063685797626666E-014   2.7267026966869639E-003
  0.98046875000000000       0.99982873199102928       0.99996007018427968       0.96077078356433598        5.4442376237419553E-015   7.2670009528616561E-004
