  0.19995117187500000        3.8361616958536536E-002   3.4883401019548282E-003   6.2416626349227518E-003   2.9574508065977495E-005   1.6310561110781815E-003
  0.30004882812500000        3.6203677686766536E-002   4.5439432720223629E-003   9.1377102741582068E-003   4.9263753788525175E-005   1.4687023239305589E-003
  0.39990234375000000        4.6924597994077819E-002   7.9396390029470767E-003   1.6028480421226822E-002   5.1831796654415747E-005   8.9758240577707900E-004
  0.44995117187500000        5.4749818970310615E-002   1.0572518741659650E-002   2.1141454783585718E-002   1.1443220334120224E-004   1.0876801689774314E-003
  0.50000000000000000        6.3541109917748667E-002   1.3973401912893813E-002   2.7739080903796419E-002   1.3120237240038310E-004   1.4922137870925932E-003
  0.55004882812500000        8.0316042161157633E-002   2.0165260678313535E-002   3.9114548930735418E-002   1.8245205264801886E-004   2.2095512415341028E-003
  0.60009765625000000       0.10136079520686929        2.9259974339160895E-002   5.4719734038619683E-002   2.7786989974336101E-004   1.8542987133863807E-003
  0.64990234375000000       0.13203338888413763        4.3674477119327149E-002   7.8457894301927594E-002   8.5038345924747687E-004   3.3654680056809435E-003
  0.66992187500000000       0.15731031699214676        5.4826209483627028E-002   9.7290103065616626E-002   1.3558088528919875E-003   5.9478797332328821E-003
  0.67993164062500000       0.17080827921072078        6.0560454162755704E-002  0.10759926735403087        2.1601711302407919E-003   8.7986604647931482E-003
  0.68994140625000000       0.19861979717383210        7.0930797672053986E-002  0.12807792716833130        4.3935366159874719E-003   1.6769677291886897E-002
  0.69995117187500000       0.22988410322820396        8.2738909028016686E-002  0.15138922726645906        8.1300467500577435E-003   2.2273162944177794E-002
  0.70996093750000000       0.36019336897234289       0.12412252315356369       0.24338202826979730        1.7947251385735382E-002   7.3370688072066204E-002
  0.71997070312500000       0.49105339798590464       0.16586063082405869       0.33862053770863521        2.7835284081874152E-002   8.3358232451276881E-002
  0.72998046875000000       0.63821709546156780       0.21238943141736605       0.44864594982926659        3.6277716746325996E-002   6.1550542199471071E-002
  0.73999023437500000       0.71049605808692617       0.23795468415010879       0.50747831803085963        3.9426675214164340E-002   4.4825047206792500E-002
  0.76000976562500000       0.81688703036383115       0.27812574322663097       0.60197011693982427        4.3395331301033055E-002   1.5396059457226371E-002
  0.78002929687500000       0.84126061083458092       0.30034760541735273       0.63782535433538046        4.5411602864097733E-002   1.5107689132786008E-002
  0.80004882812500000       0.86260596419865632       0.32372733369399370       0.67227668203470758        4.6679332919987847E-002   8.7190001520838657E-003
  0.82006835937500000       0.88333584892137795       0.35239940131655345       0.70739710972475967        4.7663741716275521E-002   9.2384883381856613E-003    
  0.84008789062500000       0.89331979435009967       0.38130691164459574       0.73398608998844972        4.8266970635498917E-002   6.2089537129346849E-003
  0.86010742187500000       0.88965915750175883       0.41387287263299449       0.74876167957731432        4.8162293445734354E-002   1.1282004663651871E-002
  0.87988281250000000       0.90452670752829223       0.46104611422913272       0.78003219150951131        4.8089678975020367E-002   9.1157249617392164E-003
  0.89990234375000000       0.90922611895519911       0.52227667544700762       0.80279891546047677        4.7663620495504391E-002   9.2581199475685258E-003
  0.91992187500000000       0.90961762265534174       0.61506823936920463       0.82091430105196195        4.7399645816630295E-002   1.4613243526873229E-002
  0.93994140625000000       0.89645560800961355       0.76826523958955784       0.81685690728313176        4.5750434707206911E-002   1.5792776842585551E-002
  0.94995117187500000       0.90717253358880112       0.88496765873721461       0.82357015873352069        3.4936647013325564E-002   1.7387739159131943E-002
  0.95996093750000000       0.98212282425387210       0.98273894481334201       0.90345265949361553        1.0478166347741317E-006   4.1694264768761889E-002
  0.96997070312500000       0.99913376204614002       0.99833353022167715       0.93915150266812319        4.4188636111480695E-008   5.8202913730087918E-004
  0.97998046875000000       0.99987263620194489       0.99990602121354111       0.95983804993391342        1.4745957110396198E-015   1.8982856108265959E-004
  0.98999023437500000       0.99996302497808975       0.99992915136670690       0.97994462313616393        1.0677707125470891E-015   1.0753684150849689E-004
  0.99902343750000000        1.0000000000000000        1.0000000000000000       0.99804687500000000        2.8892713959040001E-016   1.2658490090568387E-016

