  0.10000000000000001        4.3167703003424200E-002   2.4138462625802755E-003   5.5406152786147776E-003   9.2219613605268778E-006   2.0043919693900846E-003
  0.20000000000000001        4.9573065975034025E-002   2.5718515815701965E-003   9.0543192762305748E-003   1.2690059561978390E-005   1.9184018827505271E-003
  0.29999999999999999        4.4356806603397705E-002   4.4700734419876164E-003   1.1824386920116709E-002   3.0907049673699393E-005   9.0640126368063552E-004
  0.40000000000000002        6.4144276566134750E-002   7.2594459277888967E-003   2.3543450915311483E-002   7.1327642499949636E-005   1.7665415334235796E-003
  0.45000000000000001        8.3869584800405253E-002   9.8826682527335726E-003   3.5451387977936746E-002   2.7821012419287347E-004   2.0453668295778156E-003
  0.50000000000000000       0.11082055099936250        1.4294650821358387E-002   5.2464439674571504E-002   2.9792338615015305E-004   5.4574049195594762E-003
  0.52000000000000002       0.13966272437187838        1.8720260807821510E-002   6.9110253762778892E-002   4.8604591670708963E-004   4.0007461125097423E-003
  0.54000000000000004       0.15836309358793499        2.1301673196269907E-002   8.1947525124550238E-002   8.9389772503100143E-004   6.7625931338157804E-003
  0.56000000000000005       0.25224634522508149        3.2632293246809801E-002  0.13694213179779294        2.8698987454508383E-003   3.4664573146101677E-002
  0.56999999999999995       0.32428641417232545        4.1123768068806861E-002  0.17985976264202522        4.9287793092533559E-003   5.8271982420932705E-002
  0.57999999999999996       0.47577525910371926        5.7470677148678220E-002  0.27028412957796527        8.1907661940633751E-003   7.9727354527912520E-002
  0.58999999999999997       0.62150571001559540        7.3008122897408295E-002  0.36037156702880929        1.1353805544339408E-002   4.2503717011353574E-002
  0.59999999999999998       0.70676534700372973        8.1962940041328369E-002  0.41753658316526920        1.2935212257587064E-002   3.3036383949877672E-002
  0.62000000000000000       0.79358290632457618        9.2121410142979573E-002  0.48571115797353037        1.4827386781141452E-002   1.5320962713308232E-002
  0.64000000000000001       0.83826401859304944        9.8051017945810490E-002  0.53026241599670332        1.6292874109095093E-002   8.3956982191299573E-003
  0.66000000000000003       0.86738723731288592       0.10337272246139420       0.56648192669224784        1.7294111064034577E-002   7.0896416891964098E-003
  0.68000000000000005       0.88976055914704844       0.10858891365771783       0.59934175631872233        1.8445143165675783E-002   4.1818069910616656E-003
  0.69999999999999996       0.90924064145285022       0.11401683867063779       0.63085785501510760        1.9149921626429374E-002   4.6010808208846428E-003
  0.71997070312500000       0.92085367697259701       0.11874583420390035       0.65766143304193947       1.99788273745024683E-002  3.35685638600008050E-003
  0.75000000000000000       0.93106357675427587       0.12746360501628506       0.69311635720799403        2.0553849007362367E-002   3.4155121901158795E-003
  0.78002929687500000       0.94291576544478806       0.13755562927661358       0.73058508533141275        2.1083078759419123E-002   2.1976794546522205E-003
  0.80000000000000004       0.94699370921888071       0.14568204945291660       0.75284910943924577        2.1259571962458486E-002   2.2655359338894913E-003
  0.82006835937500000       0.95218871288400420       0.15495224763766538       0.77633420535265130        2.1199723484249620E-002   2.4405349533100766E-003
  0.84999999999999998       0.95709324381386485       0.17245475153860046       0.80918454942630302        2.0786893091915278E-002   3.7574682944814656E-003
  0.87988281250000000       0.96207945320709920       0.19564884910104416       0.84238635907972925       1.99200367692965868E-002  3.98819999052770716E-003
  0.90000000000000002       0.96762522308710730       0.21755341549569521       0.86689413597665543        1.8927170433388468E-002   2.8829551954778756E-003
  0.91992187500000000       0.97043082238070166       0.24663992259884643       0.88906069522784004       1.77430829838092843E-002  3.09410118604798489E-003
  0.94999999999999996       0.97441419574428034       0.32281306366529411       0.92213196590425339        1.5128383479245840E-002   2.8772413537466713E-003
  0.97999999999999998       0.97859348688249193       0.58579051260358050       0.95646409221658157        9.0011213045834981E-003   2.1861453697924675E-003
  0.99900000000000000        1.0000000000000000        1.0000000000000000       0.99804687500000000        7.3691053259494765E-015   0.0000000000000000     

