  0.50000000000000000       0.10309375297505190       2.26559259060551341E-002  4.49252530073601386E-002  1.69206463878510967E-004  2.35069532990029575E-003
  0.54976851851851849       0.12305384630826280       3.09223682159927953E-002  5.99493270745899282E-002  2.60054176380336457E-004  3.51016743312995618E-003
  0.60011574074074070       0.15809557622876769        4.5289930433843224E-002   8.5331876211953206E-002   6.6246961062998197E-004   5.3122052793473070E-003
  0.64988425925925930       0.21525353838553341       7.05403072462736092E-002  0.12787441671317237       1.39837728913736999E-003  8.52174750265397886E-003
  0.67013888888888884       0.25001790179057742       8.63116545093490645E-002  0.15466613423334147       2.30269599806129203E-003  1.47548966322145932E-002
  0.67997685185185186       0.29983156024485647       0.10270368744145145       0.18995074887732014        5.1888881038552473E-003   4.6900729967185126E-002  
  0.68981481481481477       0.37816065700560775       0.12847930957455569       0.24528057287042662        8.4493317489060787E-003   4.1451017139216673E-002
  0.70023148148148151       0.51422832496737081       0.17001715084868602       0.34233805587376237        1.8100679434849345E-002   6.5452971132560794E-002
  0.71006944444444442       0.65859192084216467       0.21217901160622810       0.44821463210880513        3.1236152003540015E-002   3.8713347775351327E-002
  0.71990740740740744       0.70775497714262070       0.23000307517692223       0.48987681367508856        3.4332817557734874E-002   4.2526188827855249E-002 
  0.74016203703703709       0.80276006531299804       0.26478109752984730       0.57450575228883283       4.12241701074421291E-002  1.89004928957959666E-002
  0.75983796296296291       0.84383159369328931       0.28646968137885448       0.62188447931174928       4.36531220464465852E-002  1.34947739959459870E-002
  0.78009259259259256       0.86862511332703463       0.30822292802192897       0.65864344904712224        4.5429301073461721E-002   7.6860322214677406E-003
  0.79976851851851849       0.88309005962465825       0.33033306090596615       0.68799429074467422       4.66467720898471327E-002  9.47979684413465494E-003
  0.82002314814814814       0.89510956569907507       0.35665702300130742       0.71653763295195894       4.76866937878975480E-002  1.30458835817209365E-002
  0.84027777777777779       0.90326725194714963       0.38608088821335090       0.74239150240720253       4.79843671266281108E-002  7.03874504883820334E-003
  0.85995370370370372       0.91291321623513166       0.42209140617284185       0.76883032899060821        4.8180840781879217E-002   7.9417817962969279E-003
  0.88020833333333337       0.91722467061729573       0.46783098904036596       0.79115109371422276        4.7873390358158893E-002   6.9808279877416075E-003
  0.89988425925925930       0.92488824248776624       0.52992795385913738       0.81728321389954606       4.78914855512360127E-002  1.35781416645983678E-002
  0.92013888888888884       0.93366008432452663       0.62834997342466026       0.84383429338284655        4.7449768778321542E-002   1.2822097657806709E-002
  0.93981481481481477       0.93236828654718951       0.79099064235866690       0.85094591268050745        4.5589303540508080E-002   2.4206004791265529E-002
  0.95023148148148151       0.94332777339080598       0.91911687738895509       0.85742451504679129        3.4349526420155319E-002   1.4501079843062195E-002
  0.96006944444444442       0.99436517527319845       0.99455772253541286       0.91494833173831636        5.7737914402303603E-007   7.7820231004581165E-003  
  0.96990740740740744       0.99871505737979083       0.99660593123590524       0.93867218887582704        1.9948028447631686E-007   1.3397739016364229E-003
  0.97974537037037035       0.99980882410747074       0.99982545492005581       0.95930721274909891        1.7996126564773018E-015   3.5591384039797958E-004  
  0.99016203703703709       0.99985074997719003       0.99988462138035028       0.98017750697123840       1.42594089864221250E-015  4.60611166849323351E-004
  0.99884259259259256        1.0000000000000000        1.0000000000000000       0.99768518517377092        3.4030603927330604E-016   0.0000000000000000     



