  0.50000000000000000        2.2846117195972983E-002   5.0094580212530640E-003   9.9538115172195431E-003   2.8552236954990769E-005   5.1095559744490768E-004
  0.60000610351562500        3.5262171015368195E-002   1.0140589285239003E-002   1.9043251197937431E-002   1.5037332091394660E-004   9.7458729123068243E-004
  0.64999389648437500        4.7453974034747978E-002   1.5678688546427705E-002   2.8239888052270967E-002   4.7857465787797270E-004   2.9640998441196266E-003
  0.70001220703125000        6.4676396186282931E-002   2.4014300200510826E-002   4.2334368910053898E-002   3.3048305181476558E-003   2.8343870045803490E-003
  0.72000122070312500       0.12013243969042728        4.2949565856078675E-002   8.2468439208283256E-002   2.1017871533974494E-002   1.6914841823071191E-002
  0.73999023437500000       0.23857773378313060        8.4423397366219372E-002  0.16991628103919845        3.2423271586207149E-002   4.4063595890266642E-002
  0.75000000000000000       0.33128168446248518       0.11715142685971724       0.23992051677698747        3.6735320668821687E-002   4.2247335255517098E-002
  0.76000976562500000       0.50468391252126510       0.17681307961909262       0.37140223562322117        4.0916589643870196E-002   9.5294431027776252E-002
  0.77999877929687500       0.77121117136409478       0.27616038975875984       0.58441598506224612        4.5244819488285723E-002   1.6259493851351302E-002
  0.79998779296875000       0.76202168621203115       0.28737242334579899       0.59345617500407055        4.6504612213312993E-002  0.12068353827310699     
  0.83999633789062500       0.76044128560488355       0.32746966770992020       0.62375442337876796        4.7664090713653726E-002  0.15390816192916643        
  0.89999389648437500       0.67288551170616906       0.38989749881799685       0.59336569304839704        4.5297791629298000E-002  0.27079191319320067     
  0.94000244140625000       0.77388299318556375       0.66727785969426712       0.70327114191220097        4.3269840972881071E-002  0.13272316095378753  
  0.95001220703125000       0.76787621237791370       0.74970359878441017       0.69668111170946168        3.0321322506667726E-002  0.11884768223067983      
  0.95999145507812500       0.63659169638899304       0.64623579426041389       0.58527846635612679        3.8472472309297929E-006  0.21875111701791744     
  0.97000122070312500       0.67945499055724268       0.69447096867226465       0.63825553179560413        1.1533627575086718E-006  0.23514788479199797     
  0.98001098632812500       0.85019339613886247       0.85463595898626254       0.81611700226337036        6.7752908682788013E-008  0.24735810299870620 
  0.98999023437500000       0.84514111561624472       0.85073828946192975       0.82816610201967666        9.1165777412847385E-007  0.24290008719395861     
  0.99899291992187500        1.0000000000000036        1.0000000000000000       0.99798583984375355        1.0500725500568186E-016   9.3188492618132967E-015

    
