  0.30004882812500000        3.4610108862860534E-002   5.0748468534211975E-003   8.0928301438829425E-003   5.0904126044016898E-005   8.1797661183184277E-004
  0.39990234375000000        4.0483126004095503E-002   8.2333095925287477E-003   1.3294129381547157E-002   1.1299810015626949E-004   7.0513548203398615E-004
  0.44995117187500000        4.7813226541445403E-002   1.0986220532843783E-002   1.7601236823628401E-002   1.3399735244929456E-004   8.0511160687254545E-004
  0.50000000000000000        5.4592667165250866E-002   1.4765613433750579E-002   2.2756251328792148E-002   1.7971713211322314E-004   9.5576043876424092E-004
  0.55004882812500000        6.4151532338319439E-002   2.0213265492433085E-002   2.9919131613780271E-002   2.1076119307027787E-004   1.0863250853121267E-003
  0.60009765625000000        7.7971745657403585E-002   2.8871476851972350E-002   4.0338992107017288E-002   3.2823433974440850E-004   1.3199104022529489E-003
  0.64990234375000000        9.4063844206374189E-002   4.1113721125877953E-002   5.3250299692785788E-002   5.2093974198954153E-004   3.2236777800071052E-003
  0.69995117187500000       0.11821296176318885        6.0351016257788728E-002   7.2861144239643502E-002   1.4948798037894232E-003   3.8454209092898123E-003
  0.71997070312500000       0.13335546855308175        7.2653647053387546E-002   8.5031257064247093E-002   2.9411259808920813E-003   6.2395460584231954E-003
  0.73999023437500000       0.15720777771420494        8.9095497317402614E-002  0.10375363647758407        7.5147633622685544E-003   8.6423625624241999E-003
  0.75000000000000000       0.18718491355408348       0.10699707952266316       0.12631392209176545        1.9071501036393223E-002   1.1309304938176928E-002
  0.76000976562500000       0.23746712533222042       0.13598088630429372       0.16430325310273047        3.1788637389989306E-002   1.9369766073054982E-002
  0.78002929687500000       0.40405664382822415       0.23070511320037493       0.29168715630688041        5.2208958689991300E-002   5.6470891939823409E-002
  0.80004882812500000       0.55109318698608045       0.32569286773048434       0.41117606807433693        6.4193111856062246E-002   9.0280474064237518E-002
  0.82006835937500000       0.70713488827296056       0.43905493760195452       0.54286558750922165       7.28225329289829415E-002  5.22979367964290370E-002
  0.84008789062500000       0.72876674468018743       0.49311228042416300       0.57090193989396698        7.5164334887973444E-002   3.6591562496805362E-002
  0.86010742187500000       0.76960933730070402       0.57288450805046365       0.61422143051639799        7.4509590093488148E-002   4.8385634657464788E-002
  0.87988281250000000       0.78173643350174715       0.65366901885397832       0.63336342527439837        7.1964045937665727E-002   4.3055708862953193E-002
  0.89990234375000000       0.81133779746315859       0.78624752752379590       0.66330209913004778        6.1868867529423478E-002   3.4644146317339281E-002
  0.90991210937500000       0.85816460088621282       0.85751123197074153       0.70361457866386234        5.0334209714009300E-004   7.2727071327512730E-002
  0.91992187500000000       0.85785422565248126       0.86342007313860913       0.72004511085516287        5.3030698404468744E-005  0.12551267148732587     
  0.92993164062500000       0.93782874981172193       0.94191795076104234       0.80612247866162934        1.0274447538392005E-005   6.2451493893512545E-002
  0.94995117187500000       0.98618662304829618       0.98775136346459513       0.88739769310658112        4.5100339389410949E-008   2.2287978731059685E-002     
  0.95996093750000000       0.99175492780371954       0.99156796617063891       0.91234526111681624        8.3852620108886907E-008   1.4800050123118146E-002
  0.98999023437500000        1.0000000000000000        1.0000000000000000       0.97998046875000000        7.6297976162808424E-016   1.1102230246251565E-016    
