  0.60185185185185186       0.45884920364358317       0.12969272650010275       0.24997477779367308        1.9166674130791064E-003   3.0332918890106836E-002
  0.62962962962962965       0.55277437931564521       0.16258508549063980       0.32060010910979642        3.5243012852365836E-003   3.7860267235066011E-002
  0.63888888888888884       0.56759925559102764       0.17266742591762055       0.33447615489542465        3.3086117308877444E-003   3.8360986069380425E-002
  0.64351851851851849       0.59986988208002767       0.18014989091202310       0.35757268753976412        4.9895022886750420E-003   3.9741874007979024E-002
  0.64814814814814814       0.63729944370794167       0.19152880514913698       0.38399854346495910        4.4674895855260806E-003   4.4463341347896833E-002
  0.66203703703703709       0.67042685507918787       0.20483838897855644       0.41496520842553525        5.9767349500739397E-003   3.2728506391119447E-002
  0.68055555555555558       0.73123472569285619       0.22673668775050890       0.47149217562425605        9.5632014426532425E-003   3.6137265671822530E-002
  0.68981481481481477       0.76870418385106665       0.23991453773985269       0.50402785210527967        1.2920284905353688E-002   3.4101036221094221E-002
  0.69907407407407407       0.78124910427041050       0.24646367730862639       0.51961491607270371        8.0851481507886389E-003   3.2373639835944275E-002

