  0.59960937500000000        2.7383603066268440     
  0.66015625000000000        5.3031351255670192     
  0.66992187500000000       0.32761263853598166     
  0.67382812500000000        2.4896905803423599     
  0.67968750000000000        5.8163718101284987     
  0.68945312500000000        1.7841386994684911     
  0.69921875000000000        4.8962295473734665     
  0.72070312500000000        1.7592595193695488     
  0.80078125000000000        1.3476600300263288     
  0.90039062500000000       0.91097105417003943     
  0.93945312500000000        1.1276547147262364     
  0.94921875000000000        2.8498766028985187     
  0.96093750000000000        2.1000791197307307     
  0.98046875000000000        0.0000000000000000     
