  0.50000000000000000        9.0888849392054855E-002
  0.60000610351562500       0.18397765350598369     
  0.64999389648437500       0.28178642388519287     
  0.70001220703125000        2.0078064359272974     
  0.72000122070312500        4.3747952383441664     
  0.73999023437500000        6.9935938922435081     
  0.75000000000000000        13.135344399857884     
  0.76000976562500000        10.656541284912931     
  0.77999877929687500       0.45225792979191276     
  0.79998779296875000       0.75729443382310058     
  0.83999633789062500      -0.50649944835482941     
  0.89999389648437500        2.7470493885348035     
  0.94000244140625000      -0.65836009049805244     
  0.95001220703125000       -11.163430834673020     
  0.95999145507812500        5.2925380497585159     
  0.97000122070312500        17.768794708194402     
  0.98001098632812500        1.2074155988215440     
  0.98999023437500000        18.863231081421532     
  0.99899291992187500        0.0000000000000000     
