  0.19995117187500000        2.8932222269044936E-002
  0.30004882812500000        6.9008788563308179E-002
  0.39990234375000000       0.10215972189376603     
  0.44995117187500000       0.13182378823601479     
  0.50000000000000000       0.22728740018703483     
  0.55004882812500000       0.31179921074094608     
  0.60009765625000000       0.47662502175739807     
  0.64990234375000000       0.94069179385451551     
  0.66992187500000000        1.0299106567157257     
  0.67993164062500000        2.0458680633993795     
  0.68994140625000000        2.3288557366324714     
  0.69995117187500000        9.1903051929188635     
  0.70996093750000000        9.5145593819873184     
  0.71997070312500000        10.991807025514785     
  0.72998046875000000        5.8774970769201245     
  0.73999023437500000        4.7199805894038924     
  0.76000976562500000        1.7910128338072941     
  0.78002929687500000        1.7208858323956575     
  0.80004882812500000        1.7543081929079674     
  0.82006835937500000        1.3281519897570055     
  0.84008789062500000       0.73805871897548059     
  0.86010742187500000        1.5812841589417144     
  0.87988281250000000        1.1372256256482260     
  0.89990234375000000       0.90488560222833281     
  0.91992187500000000      -0.20267176679424931     
  0.93994140625000000       0.67067019367787883     
  0.94995117187500000        7.9804566613011820     
  0.95996093750000000        3.5664015034825218     
  0.96997070312500000        2.0666365268457745     
  0.97998046875000000        2.0086957033272705     
  0.98999023437500000        2.0039682063316904     
  0.99902343750000000        0.0000000000000000     
