                    1   3.3616643059858689       -8.5890893269532214       -1.9213334007673093     
                    2   3.7243953216493537       -7.8144590658520183       -5.1511470786878473     
                    3   2.7172221489972799       -7.8400095026636745        3.5423117638755452     
                    4  0.86233229273329925        5.8829324865633588        6.8656751894423422     
                    5   3.3743834517731557       -9.3024823021681851       -2.2055170945394011     
                    6   2.6129474849419694       -7.7510917386640603        4.5274011493005046     
                    7   3.6144160589137755       -7.2969420744429172       -3.7325532253456850     
                    8   3.3365595247171314       -9.7050134283361089       -1.9165012638263244     
                    9   4.2568554624813260       -4.1419436249471735       -8.4547035766111946     
                   10   4.1691967045230740       -4.9251849624666661       -8.1572878255720376     
                   11   3.5748254001161968       -7.2173969569546541       -3.3383315215059879     
                   12   3.8260508188486710       -6.1135886540400524       -4.9890650042964575     
                   13   4.5735311943167289       -1.3157355158916824       -9.4144391752173053     
                   14   3.2098141364594994       -7.8105961267826629      -0.53367865072312826     
                   15   2.6691385356909905       -7.3031301369868880        3.7323165761581429     
                   16   4.3170079843729354       -2.9287244413544862       -7.0172766920170773     
                   17   2.7966064306460794       -8.6087432891268456        3.0936120359512818     
                   18   2.9375864254275257       -8.8604554201263994        1.8330890932602231     
                   19   2.7171419939481893       -7.4561424323886394        3.3695907315117490     
                   20   2.6308362801512430       -7.4127889054161402        4.1537723144366456     
                   21   4.2386598608618442       -3.2027078763787564       -6.2471606268635318     
                   22   2.6094388434105440       -6.1739623445195368        3.6353147434721507     
                   23   2.5902409766108576       -6.3903920805455181        3.9298772212897024     
                   24   2.5812374186612033       -7.6789036846452836        4.8180859667614140     
                   25   1.4311844570804624        1.1370453119836592        8.0913473453125970     
                   26   3.1418539370345115       -9.8183503606481004       -2.5653724620598750E-003
                   27   3.2103298650654324       -7.4185594884367054      -0.51073572131722478     
                   28   2.1375354984322712       -4.8716923007267088        7.6553482328637710     
                   29   2.5698643594082569       -7.0971588777930261        4.5663801975920499     
                   30   3.4345493033029015       -9.2330374700778304       -2.7850126066553549     
                   31   3.8829098286641965       -6.7516178383245737       -6.1811587250330771     
                   32   3.5694020941666622       -8.7395524725972766       -3.9849944824134953     
                   33   5.5876889032520012        6.5056971219344852       -5.4297768062521738     
                   34   3.0907328508064893       -7.8102489208734900       0.39757058013001406     
                   35   5.6383444166572190        7.1977401396277241       -5.4133880833101209     
                   36  0.81599831929020183        5.1154874673065649        5.4385432933875855     
                   37   3.7416579044729588       -6.5000186746024955       -4.4475247020280557     
                   38  0.91120931351360923        4.7753664407880665        6.1582399989800027     
                   39   1.5359155877329158       0.33230224903828648        9.5229481970270111     
                   40   3.1235644957496334       -7.8652178814844502       0.14181075326339654     
                   41   5.9094407243292153        8.9818290428937200       -3.5224699793211274     
                   42   3.3655889369858869       -9.4510558009012211       -2.1531330796320414     
                   43   2.3318260135174569       -6.4184294440315526        6.7391224205059199     
                   44   3.6139243323809751       -8.8606234829967789       -4.5269164719316182     
                   45   3.6405942499793582       -6.3891985393861281       -3.4821567944353062     
                   46   3.5416647295566008       -6.5822413537427806       -2.7834862516873962     
                   47   3.1575249667998833       -7.6789639689077385      -0.12235401198070718     
                   48   3.5737411378859179       -7.2858219762176901       -3.3603957675371010     
                   49   3.8417122713603931       -5.4223820697069423       -4.5683182952173889     
                   50   4.7158794842723637        3.0899098870385801E-002  -8.8522959369274030     
                   51   3.6807787500554241       -7.2953342477664558       -4.3649721854580941     
                   52   3.1275323463323730       -9.0452706086045964       0.12718766543212434     
                   53   2.9848032858037641       -6.9940596757506244        1.1056692658724534     
                   54   3.8335209108561230       -6.6749502356347170       -5.5307504485000543     
                   55   5.7113922487988020        7.2730697920530503       -4.6802290288897064     
                   56   3.6947751170425818       -7.2796988779623302       -4.4951597045892502     
                   57   2.2498920618897955       -4.6856068388939107        5.8050038856899615     
                   58   3.9841786406241226       -6.6346436543760854       -7.4404460376525208     
                   59   3.2078800504277751       -8.1079038976904378      -0.53824042042863196     
                   60   1.7288907663585178       -1.1339327335189167        7.1126463534461335     
                   61   3.6793078265109216       -6.6120315517984762       -3.9429399738857467     
                   62   3.2138279540552048       -8.9929522359699110      -0.65074084268536969     
                   63   3.2837676887593261       -8.5546896330747639       -1.2245251842772347     
                   64   3.3459702020786608       -9.7771206083700424       -2.0265188482482679     
                   65   1.5615506961453320        8.0380265205319545E-002   8.6936173303857984     
                   66   2.9088159010634627       -8.0606910148366460        1.9109823427371668     
                   67   2.8675803859673579       -8.0352292859276933        2.2585627258947016     
                   68   3.0918874535482246       -9.1676807583272790       0.45605704711586370     
                   69   1.2110561399767903        2.4892592264791307        6.6184998993562694     
                   70   1.6362749174445526      -0.46387404090264855        7.0742345215244811     
                   71   3.4846539380246213       -7.3158740532690079       -2.6131202175567378     
                   72   3.1270507620820354       -7.7653966093498781       0.11293151553496880     
                   73   3.5660957043692179       -6.5414370379424431       -2.9566284558709541     
                   74   3.1730361638842624       -9.3719284492286388      -0.29478348533086729     
                   75  0.38367266888326412        7.0601689907313725        2.8500318509951375     
                   76   1.1265336822254994        4.1968207978128689        8.8168796292121971     
                   77   4.8163463997254894       0.94837935657209627       -9.0898800119940102     
                   78   3.3926689678110051       -7.1933116056731299       -1.8450033309341627     
                   79   3.2938933178111256       -9.3777785505074007       -1.4393882563588969     
                   80   4.2655219371986277       -3.7156154712629381       -7.7538389639382084     
                   81   3.2565604601945779       -9.8916127575960680       -1.1422540805890253     
                   82   4.7402164993804945       0.25058424380649058       -9.0025833347413844     
                   83   2.9861661181676027       -7.4974983630738485        1.1747853884709294     
                   84   2.7458470911528821       -7.2565614689258213        3.0316989131660290     
                   85   2.6374912343244432       -7.9883873863854946        4.4067136351479563     
                   86   2.4557091842771115       -7.5240620957762543        6.1579848947938380     
                   87   3.1433984653153857       -7.4800639887115246       -1.3507601941565472E-002
                   88   2.7321226346948606       -6.7068551201281741        2.9107835247635476     
                   89   1.2357191065070765        2.6317601621367435        7.5580183748255898     
                   90   1.2027807902327368        2.5970003592523052        6.7352753683578159     
                   91   4.2778577069002495       -4.0081462035855679       -8.6360716050687429     
                   92   3.0550808424918614       -7.3754034993740412       0.63965610242944704     
                   93   3.2962957814870606       -9.5090188302661858       -1.4829241784416720     
                   94   2.6942937404573968       -7.4209803742908891        3.5600523263391368     
                   95   2.9803257815137840       -7.4785202810204527        1.2166026346840269     
                   96   3.6303589162371281       -8.1370091639405775       -4.3272976731267310     
                   97   6.2355702948616454        8.8254650243542390      -0.42054249038511388     
                   98   2.3737248527913835       -6.9986552873903847        6.7574805325702716     
                   99   2.9739531165814697       -7.9668062325928783        1.3482049749150149     
                  100   2.9751745620151269       -7.7366116736758475        1.2995311893270154     
                  101   3.1378301447007289       -7.4196968606546170        2.7916807127010532E-002
                  102   4.0462484989891436       -5.9145312800641623       -7.5249324015030989     
                  103   2.5654929280617580       -7.3937548588765374        4.8030436256101945     
                  104  0.51736242308362534        8.3920282425342307        4.7756083535576312     
                  105   2.6303890639339897       -7.5236574206193625        4.2203200350962256     
                  106   2.2703337901214127       -5.8168368673989495        6.9124784988738686     
                  107   3.1133369662242103       -9.6236209273312667       0.27199441341792974     
                  108   3.3494537207211579       -9.2823990804612304       -1.9577262473454407     
                  109   3.8166162761472151       -6.9731956503289423       -5.5817899954314480     
                  110   4.1324494575678727       -4.8048971210606792       -7.3348023726304410     
                  111   2.4030660512714803       -6.4592254590113178        5.8804229475149663     
                  112   4.4648609413461600       -1.9470306830291375       -7.7045912407543478     
                  113   3.3109960328542911       -9.4736131735461573       -1.6203922262092918     
                  114   3.1902386165361349       -7.7761046886802205      -0.37857477120327221     
                  115   4.8745179744496454        1.5352902535017303       -9.3864426499252129     
                  116   3.2192473525562946       -8.6419287895003318      -0.67243858043252036     
                  117   3.3495338042655476       -7.0680464419826219       -1.4912942096071136     
                  118  0.18939640678559044        8.9616155990690753        1.7178878677106970     
                  119   2.6462269800169906       -6.1619897605159775        3.3293244144582399     
                  120   4.1900954561614299       -3.9507510369736445       -6.8635751669078351     
                  121   2.2156354189681906       -5.7206651933251553        7.6063298994995234     
                  122   2.8683303913408054       -9.4134038839545049        2.6383272545389937     
                  123   3.1729090717842610       -7.3356966208743586      -0.22980287198058280     
                  124   3.8031597770245753       -7.4924133407123188       -5.8337356485297418     
                  125   2.1549392074882689       -5.1507462881970714        7.7911074815888792     
                  126   3.0602322432246183       -9.5420796922329423       0.77806508245439687     
                  127   3.0865443559151799       -8.6498138947423246       0.47663908293307106     
                  128  0.12932789121140331        7.4026482093213115       0.96274239144937079     
                  129   3.0311325625298196       -7.7454148016052073       0.85905597390034361     
                  130   3.1212582510879656       -9.4922796750867420       0.19304644376444480     
                  131   1.3570992301811202        1.8524133183856020        8.5360513241264915     
                  132   3.0167044098361657       -8.8266347022278460        1.1081099965329710     
                  133   3.7178466670404759       -7.1003818182007388       -4.6140240506179397     
                  134   2.7681505917971663       -6.9601044809659260        2.7271662486313306     
                  135   5.3370272960786451        4.2902229325398578       -5.9509180993900079     
                  136   3.2929070945258445       -8.8827175794975339       -1.3544363428617900     
                  137  0.96465851022480820        4.1861176035508176        6.0389572705680408     
                  138   3.8816505456559298       -5.8062357237627005       -5.3022294813162176     
                  139   2.8929152084333509       -8.8378268485255287        2.2442212871391103     
                  140   4.2036329064744677       -4.4694985954330146       -8.0137788265536134     
                  141   1.5332334441294506       0.33921760082905444        9.0264117072541978     
                  142   2.5117894979507582       -7.4098699656961502        5.4004116640554400     
                  143   5.0164605782671288        2.6861587397968059       -8.5600132617245084     
                  144   2.8285399606579631       -8.7953645998224150        2.8470308397877133     
                  145   3.0537976763216648       -7.2624553202026432       0.63925038273210566     
                  146   3.8905963701788551       -5.5528269366298124       -5.1626700739337812     
                  147   3.3340000216369390       -9.4906104660673591       -1.8489361303238758     
                  148   3.3756951126079002       -9.4850736644655935       -2.2619521452104649     
                  149   1.9505284166496040       -3.4903179982843882        8.7454261885367384     
                  150   2.9314319081840949       -9.5810391465763907        2.0437362332793247     
                  151   2.7891765448321166       -6.7750205829196997        2.4916422888071152     
                  152   3.6134494724813067       -7.2636096141562092       -3.7066493153682329     
                  153   4.7325545081962446       0.16783204493338144       -8.3215919927483597     
                  154   2.5463807908076888       -5.9147192383486820        4.0050368747984937     
                  155   5.9057784655531123        7.5365020227064559       -2.9875370760823898     
                  156   3.0398280159142814       -7.5333725135066256       0.76928835358487690     
                  157   3.4849957718424776       -8.8777657945451498       -3.1744267760286933     
                  158   3.3666867848714901       -8.2298447867521336       -1.8844240568180424     
                  159   2.7527236066421210       -6.8676236391627379        2.8138953541113647     
                  160   3.4253608256503867       -8.0111074008786662       -2.3363475321743170     
                  161   3.5198098155910884       -8.4634667320113479       -3.3629325672257497     
                  162   3.2468788092282921       -8.4654303002714872      -0.89460065909300734     
                  163   4.3939376328908111       -2.4720125055130526       -7.4984099133671664     
                  164   2.5379434726487489       -7.8647248564581478        5.4227859499482527     
                  165   2.7380381123634834       -6.6477242766167635        2.8385082839075060     
                  166   2.9213096692542422       -9.4336292306422180        2.1123459516802465     
                  167   3.8270058635966961       -7.4190671813737943       -6.0662293284502473     
                  168  0.70910453480928481        7.0663401240010932        6.0627278819347676     
                  169   3.2886620790693541       -9.5398191908271830       -1.4132194874555157     
                  170   2.8290930388425295       -7.7566566459436368        2.5060657642610860     
                  171  0.89314596857002471        4.6778264901947031        5.8125344206410476     
                  172   4.0226347400108580       -4.9819741080003688       -6.0393199963606321     
                  173   3.5388232324889941       -8.5611142542232006       -3.5916661948291755     
                  174   2.0392599750698537       -3.7333262615243834        7.3776102671348651     
                  175   2.3633975752991319       -6.2445525408842384        6.1552342763855217     
                  176   3.3734475610121990       -6.9804221319160682       -1.6480833471949672     
                  177   3.7229536378381454       -6.6058589194520252       -4.3408114072767603     
                  178   2.0879399857753924       -3.5679000279906292        6.2729519329700700     
                  179   4.0057229109766013       -6.0293297153761358       -7.0621872841077646     
                  180   3.7485144339725593       -7.0199716867791668       -4.8742948251972962     
                  181   3.8991649336153387       -5.3325360052008497       -5.0437326224766474     
                  182   3.0070473871164722       -8.8748507753455055        1.2013269040846886     
                  183   3.0805630849426962       -7.4118931682025444       0.45290708307250055     
                  184  0.50276250791148414        7.9588226739801451        4.3765159107712952     
                  185   3.1968687618796139       -6.9907762613308728      -0.38681695230431690     
                  186   3.2067425026789351       -8.3049192803721006      -0.54183105597549164     
                  187   3.6211410604873890       -7.2988848633110281       -3.7956901010626942     
                  188   2.5086471742579306       -7.6001945172751757        5.5757745737869451     
                  189   3.9393614345112837       -5.0410519031582348       -5.1673424879452927     
                  190   1.9577342365840877       -3.5213255393796210        8.6417154123721502     
                  191   3.1526482999646532       -8.8474895171235683       -9.7818700811517362E-002
                  192  0.82246067457549543        5.1057831580560338        5.4990032350444329     
                  193   3.7856420933064783       -6.3837913608981047       -4.7933151936433909     
                  194   3.3546742266044021       -9.3286108673498997       -2.0183955241124902     
                  195   6.0625843768661980        8.4737732517090318       -1.9002477751922506     
                  196   3.5647118775582385       -7.9937798571185219       -3.5997514210739294     
                  197   3.4750238981091570       -9.4110309983011238       -3.2596348413782681     
                  198   2.9956765460237875       -8.6135691462942763        1.2658552502679907     
                  199   2.8657158888509002       -7.3627346028317415        2.0843563855862159     
                  200   1.7458038350760035       -1.5644841551622604        8.8480735263230716     
                  201   1.8756711833825648       -2.2204723081652533        7.0561592513048090     
                  202   1.8140964456983966       -2.1151201591937179        8.5212441571908215     
                  203   5.6410087243352791        6.6666959055480604       -4.9862384077605979     
                  204   3.2405232302453442       -9.4459876253987023      -0.93755770718271336     
                  205   5.3918638508123422        5.7114946529559658       -7.0704910001009305     
                  206   3.7394472208593470       -7.5274248798485646       -5.1261148572513520     
                  207   2.9092763338608165       -7.5535048312434467        1.7870686022598674     
                  208   3.3250963833384048       -8.3916824741675224       -1.5574257907412459     
                  209   3.3172254798664653       -8.2453237860243043       -1.4632258737371826     
                  210   3.4756408064322386       -9.4191362199244502       -3.2689514273058613     
                  211   5.2082712224937495        4.2203754717665634       -7.8015284588690861     
                  212   3.2643249924044540       -8.4638160181728708       -1.0440313675192250     
                  213   3.0867000588582414       -9.6269931738350305       0.52898205056954650     
                  214   2.8882217798227430       -8.4954450967035058        2.1997738624758578     
                  215   3.4982699723755104       -8.8153076465694795       -3.2847082810314041     
                  216   3.3835662794363088       -7.1134978926825587       -1.7556791082013554     
                  217   3.0289504972820396       -9.7535400759245441        1.1033301828740156     
                  218   2.7856947707568906       -9.2824997246305792        3.4505533996295910     
                  219   2.9148452846284272       -9.0329702080066898        2.0840418193732058     
                  220   2.8528907447894198       -8.9429524575166486        2.6560537204297283     
                  221   3.1659324346351241       -9.2606062627045844      -0.22544565041506776     
                  222   2.7632822879950254       -6.5247699418519600        2.5933015121084138     
                  223   1.8168871223706446       -2.3354846311873922        9.2979788026418504     
                  224   3.1022029556340840       -7.3748795171521806       0.29064460857414537     
                  225  0.35481529425487679        7.2416480077309799        2.6829947969487566     
                  226   3.4064258456278367       -7.3088325387061115       -1.9821807418905197     
                  227   3.4900045280242011       -6.8402858503676773       -2.4845956573469969     
                  228   3.3704929596460715       -8.1168096516651609       -1.8910841654285768     
                  229   3.6269468894265628       -6.5906603810414373       -3.4761473121680950     
                  230   3.4131605400802982       -8.5483724880567564       -2.3802673824676783     
                  231   3.2970767618526224       -9.4148786492465497       -1.4757756660339794     
                  232   3.6327010681443426       -6.5451986395988042       -3.5004556915601821     
                  233   2.3264642474500761       -6.5571035170479695        6.9590607983858117     
                  234   3.3798656583658158       -7.0051081815491489       -1.7014501006029421     
                  235   4.2251093182933346       -3.3822475675237156       -6.3828165086024828     
                  236   4.0735779824976817       -5.6380989455555124       -7.5913816747284004     
                  237   3.2066847056748884       -8.4273187238425127      -0.54932751757413667     
                  238   3.9551866941355911       -6.6508487472468207       -7.0368888211703737     
                  239   2.1525458709106715       -5.2108806487914965        7.9232228883127869     
                  240  0.30939716968055109        7.5599660882695998        2.4166410371947942     
                  241   3.3051642298065644       -8.2773332382193203       -1.3661422456554311     
                  242   3.8194907310089548       -7.7747948432000626       -6.2601935088931180     
                  243   1.6715209358028460      -0.85674346103325361        8.4770162869734129     
                  244   3.3028372093904181       -7.8718594722042985       -1.2804105751810906     
                  245   3.6898437360227945       -7.1298622161193812       -4.3542172373767967     
                  246   3.3288173535979695       -9.6837668858849106       -1.8345258752838913     
                  247   6.1715208582719470        8.0928184012500211      -0.90745491559632918     
                  248   2.1835698065833640       -5.1417050884237714        7.3133734403105057     
                  249   3.9158408221341006       -5.0268412864723429       -4.9159743488605301     
                  250   2.2271811417106164       -4.9617680022298201        6.4411079269104556     
                  251   4.0417806685984488       -5.7114529165355021       -7.2001140791938827     
                  252   3.4521403433186606       -8.4765136211930301       -2.7203802237307153     
                  253   4.0348199412255781       -4.7656669952832758       -5.9226685332149245     
                  254   3.6231844030767206       -8.3296735074244186       -4.3533846960428635     
                  255   2.4223845288477150       -6.0565812684925007        5.3035534865962353     
                  256   3.3237812372881308       -9.0119726198351895       -1.6602891216158548     
                  257   3.5624403964166049       -7.4090223246648543       -3.3162023558262885     
                  258   3.4776685325446124       -7.3744218203697711       -2.5760907734243670     
                  259  0.72715383004742762        6.5641137101666507        5.8407807703651340     
                  260   2.4561448986660253       -7.4617795960532876        6.1015834121217960     
                  261   3.2486443713414701       -7.7155427103676004      -0.82913182600710056     
                  262   3.1640994726408280       -7.7199737729662763      -0.17378139716670254     
                  263   3.2647040312656372       -8.2090787554634002       -1.0157679869778458     
                  264   3.5046931396582295       -6.8246841910031160       -2.5930166396761387     
                  265   3.0107337084014034       -8.7269873141343215        1.1485679011462209     
                  266  0.63600123708511092        7.7449302123283319        5.7184442851839012     
                  267   3.4849017614892546       -7.5798730599588806       -2.7095350087937233     
                  268   1.0068875820079484        4.5390486228871332        7.1774045618362727     
                  269   6.0389048224274120        7.9397233210167837       -1.9790420550822438     
                  270   3.8288383570791211       -6.4904859645801194       -5.3268465127191504     
                  271   3.3080491353412071       -8.9926388999586671       -1.5108630879214344     
                  272   1.6286127376661170      -0.50772892303131867        8.7719568624384898     
                  273   4.0869066975310488       -5.1005021990472041       -7.0622748413064302     
                  274   3.3075484419541681       -7.6674466881279146       -1.2842690208460708     
                  275   3.0094579983779113       -8.4895363125878198        1.1283363646439184     
                  276   3.5114148091270181       -7.4295255671917770       -2.8801193074360554     
                  277   3.0387610240268259E-002   7.2426676980787459       0.22015513153358537     
                  278   3.6248956465360607       -8.7276155087006408       -4.5803949915911435     
                  279   3.7587710221928319       -8.0984609737583462       -5.7471363033333622     
                  280   4.6145802965379517      -0.84180411912331066       -8.5791771105204084     
                  281   3.5917885294302323       -7.0794327863011590       -3.4214662940765863     
                  282   3.4597578770617474       -9.4778539216449538       -3.1215726125850587     
                  283   2.9012311996664266       -9.4409592610787261        2.3139775728934855     
                  284   2.9784578204398713       -9.3156755382374392        1.5333375933749653     
                  285   2.6242720565514901       -7.7939679757213343        4.4348417254450094     
                  286   4.2640769006882238       -4.0214673424540939       -8.3610739443893429     
                  287   3.1781110412107410       -9.1858869862940757      -0.33560298076068334     
                  288  0.92213246532492121        5.6555760941711268        7.4602154065124671     
                  289   2.9462506977815792       -7.5053274637266547        1.4850425615260570     
                  290   3.1188028778701664       -7.3689429407220510       0.16796563690472413     
                  291   3.3953186488374740       -8.0467766516999806       -2.0866470511970183     
                  292   3.8886007011988113       -5.6810804645805231       -5.2608134082352347     
                  293   3.2537228279607007       -8.6683326921547987      -0.97607588061698636     
                  294   3.5702365790020849       -8.6729000570429946       -3.9633482899879500     
                  295   3.7189705923974543       -6.6079122195676741       -4.3045743986918028     
                  296   3.2898592015076247       -9.6924797549193951       -1.4476942997199354     
                  297   4.0128571562272555       -5.9097068633349759       -7.0229215925413344     
                  298   4.3904750321780739       -2.4904948485098557       -7.4674172247982824     
                  299   3.4514458561192214       -7.5302276662694112       -2.4109202532738556     
                  300   5.3220094690686892E-003   9.0719863151070808        4.8281652912837647E-002
                  301   3.7938560500174390       -6.1868814645107912       -4.7254286895924844     
                  302   3.0928288461773263       -8.1177752997284376       0.39616769802526020     
                  303   3.1447778702217875       -9.1337374599547108       -2.9093030858582593E-002
                  304   3.4015559818067231       -9.5486735208989622       -2.5397779078227454     
                  305   5.2692034595092991        4.8429375435240241       -7.7795603384374807     
                  306   3.2975872379931843       -9.6611481184332924       -1.5194315997441892     
                  307   3.8830906342877824       -5.3354280988974008       -4.8863995027271745     
                  308   2.9078576872680060       -8.7603139295069337        2.0857129894930884     
                  309   3.1490024402733070       -8.0614809204004025       -5.9734947225256636E-002
                  310   3.2579355188308909       -7.4383716373564273      -0.86932731999694146     
                  311   3.1355525135411426       -7.7408661852514431        4.6756484468321181E-002
                  312   3.0322613896514667       -9.1202896437746901        1.0011249004459339     
                  313   1.5079283567313269       0.62309042022390981        9.8980340253321302     
                  314   3.3632323431174882       -7.4091951778746283       -1.6696009173707707     
                  315   2.5197230879061863       -6.2179883103700480        4.4566511073684865     
                  316   1.5980281244133039      -0.21025801395649898        7.7191392429452783     
                  317   4.6340829563725947      -0.63701904712649371       -8.1183598710800702     
                  318   1.4672349883880997       0.74335448588743158        7.1522357199202018     
                  319   3.2023624179605577       -8.7954054929234360      -0.53515364936160270     
                  320   3.5644740214386275       -7.1009389256612474       -3.1956568409343999     
                  321   1.1435910003863228        3.5058444930661814        7.7010422690430138     
                  322   3.3873860810740553       -7.3290337400182732       -1.8386043792032167     
                  323   3.8621417402098359       -6.0427622724208181       -5.3057860097979530     
                  324   2.6473078351805270       -8.6764018186460437        4.6757532848572643     
                  325   3.0707115174018327       -9.8540762805819355       0.69964021122207942     
                  326   3.5722779719976643       -7.9672630311368495       -3.6605649595691676     
                  327   3.0013379733750298       -7.1855484661205384        1.0144675327755719     
                  328   2.5596614569737994       -8.2125039410416747        5.4032699920149039     
