   3.0787608005179976        0.0000000000000000        0.0000000000000000
   3.2044245066615891        0.0000000000000000        0.0000000000000000
   3.3300882128051810        0.0000000000000000        0.0000000000000000
   3.4557519189487729        0.0000000000000000        0.0000000000000000
   3.5814156250923643        0.0000000000000000        0.0000000000000000
   3.7070793312359562        0.0000000000000000        0.0000000000000000
   3.8327430373795481        0.0000000000000000        0.0000000000000000
   3.9584067435231396        0.0000000000000000        0.0000000000000000
   4.0840704496667311        0.0000000000000000        0.0000000000000000
   4.2097341558103230        0.0000000000000000        0.0000000000000000
   4.3353978619539149        0.0000000000000000        0.0000000000000000
   4.4610615680975068        0.0000000000000000        0.0000000000000000
   4.5867252742410987        0.0000000000000000        6.0975609756097563E-003
   4.7123889803846897        0.0000000000000000        6.0975609756097563E-003
   4.8380526865282816        0.0000000000000000        1.8292682926829267E-002
   4.9637163926718735        0.0000000000000000       0.15853658536585366
   5.0893800988154654        0.0000000000000000       0.42073170731707316
   5.2150438049590573        0.0000000000000000       0.29878048780487804
   5.3407075111026492        0.0000000000000000        7.9268292682926830E-002
   5.4663712172462402        0.0000000000000000        1.2195121951219513E-002
   5.5920349233898321        0.0000000000000000        0.0000000000000000
   5.7176986295334240        0.0000000000000000        0.0000000000000000
   5.8433623356770159        0.0000000000000000        0.0000000000000000
   5.9690260418206078        0.0000000000000000        0.0000000000000000
   6.0946897479641988        0.0000000000000000        0.0000000000000000
   6.2203534541077907        0.0000000000000000        0.0000000000000000
   6.3460171602513826        0.0000000000000000        0.0000000000000000

   3.0787608005179976        1.0000000000000000        0.0000000000000000
   3.2044245066615891        1.0000000000000000        0.0000000000000000
   3.3300882128051810        1.0000000000000000        0.0000000000000000
   3.4557519189487729        1.0000000000000000        0.0000000000000000
   3.5814156250923643        1.0000000000000000        0.0000000000000000
   3.7070793312359562        1.0000000000000000        0.0000000000000000
   3.8327430373795481        1.0000000000000000        0.0000000000000000
   3.9584067435231396        1.0000000000000000        0.0000000000000000
   4.0840704496667311        1.0000000000000000        0.0000000000000000
   4.2097341558103230        1.0000000000000000        0.0000000000000000
   4.3353978619539149        1.0000000000000000        0.0000000000000000
   4.4610615680975068        1.0000000000000000        0.0000000000000000
   4.5867252742410987        1.0000000000000000        6.0975609756097563E-003
   4.7123889803846897        1.0000000000000000        6.0975609756097563E-003
   4.8380526865282816        1.0000000000000000        2.4390243902439025E-002
   4.9637163926718735        1.0000000000000000       0.15243902439024390
   5.0893800988154654        1.0000000000000000       0.41463414634146339
   5.2150438049590573        1.0000000000000000       0.30487804878048780
   5.3407075111026492        1.0000000000000000        7.9268292682926830E-002
   5.4663712172462402        1.0000000000000000        1.2195121951219513E-002
   5.5920349233898321        1.0000000000000000        0.0000000000000000
   5.7176986295334240        1.0000000000000000        0.0000000000000000
   5.8433623356770159        1.0000000000000000        0.0000000000000000
   5.9690260418206078        1.0000000000000000        0.0000000000000000
   6.0946897479641988        1.0000000000000000        0.0000000000000000
   6.2203534541077907        1.0000000000000000        0.0000000000000000
   6.3460171602513826        1.0000000000000000        0.0000000000000000

   3.0787608005179976        2.0000000000000000        0.0000000000000000
   3.2044245066615891        2.0000000000000000        0.0000000000000000
   3.3300882128051810        2.0000000000000000        0.0000000000000000
   3.4557519189487729        2.0000000000000000        0.0000000000000000
   3.5814156250923643        2.0000000000000000        0.0000000000000000
   3.7070793312359562        2.0000000000000000        0.0000000000000000
   3.8327430373795481        2.0000000000000000        0.0000000000000000
   3.9584067435231396        2.0000000000000000        0.0000000000000000
   4.0840704496667311        2.0000000000000000        0.0000000000000000
   4.2097341558103230        2.0000000000000000        0.0000000000000000
   4.3353978619539149        2.0000000000000000        0.0000000000000000
   4.4610615680975068        2.0000000000000000        0.0000000000000000
   4.5867252742410987        2.0000000000000000        6.0975609756097563E-003
   4.7123889803846897        2.0000000000000000        0.0000000000000000
   4.8380526865282816        2.0000000000000000        2.4390243902439025E-002
   4.9637163926718735        2.0000000000000000       0.15243902439024390
   5.0893800988154654        2.0000000000000000       0.40853658536585363
   5.2150438049590573        2.0000000000000000       0.32317073170731708
   5.3407075111026492        2.0000000000000000        7.3170731707317069E-002
   5.4663712172462402        2.0000000000000000        1.2195121951219513E-002
   5.5920349233898321        2.0000000000000000        0.0000000000000000
   5.7176986295334240        2.0000000000000000        0.0000000000000000
   5.8433623356770159        2.0000000000000000        0.0000000000000000
   5.9690260418206078        2.0000000000000000        0.0000000000000000
   6.0946897479641988        2.0000000000000000        0.0000000000000000
   6.2203534541077907        2.0000000000000000        0.0000000000000000
   6.3460171602513826        2.0000000000000000        0.0000000000000000

   3.0787608005179976        3.0000000000000000        0.0000000000000000
   3.2044245066615891        3.0000000000000000        0.0000000000000000
   3.3300882128051810        3.0000000000000000        0.0000000000000000
   3.4557519189487729        3.0000000000000000        0.0000000000000000
   3.5814156250923643        3.0000000000000000        0.0000000000000000
   3.7070793312359562        3.0000000000000000        0.0000000000000000
   3.8327430373795481        3.0000000000000000        0.0000000000000000
   3.9584067435231396        3.0000000000000000        0.0000000000000000
   4.0840704496667311        3.0000000000000000        0.0000000000000000
   4.2097341558103230        3.0000000000000000        0.0000000000000000
   4.3353978619539149        3.0000000000000000        0.0000000000000000
   4.4610615680975068        3.0000000000000000        0.0000000000000000
   4.5867252742410987        3.0000000000000000        0.0000000000000000
   4.7123889803846897        3.0000000000000000        6.0975609756097563E-003
   4.8380526865282816        3.0000000000000000        1.8292682926829267E-002
   4.9637163926718735        3.0000000000000000       0.16463414634146342
   5.0893800988154654        3.0000000000000000       0.38414634146341464
   5.2150438049590573        3.0000000000000000       0.34756097560975607
   5.3407075111026492        3.0000000000000000        7.3170731707317069E-002
   5.4663712172462402        3.0000000000000000        6.0975609756097563E-003
   5.5920349233898321        3.0000000000000000        0.0000000000000000
   5.7176986295334240        3.0000000000000000        0.0000000000000000
   5.8433623356770159        3.0000000000000000        0.0000000000000000
   5.9690260418206078        3.0000000000000000        0.0000000000000000
   6.0946897479641988        3.0000000000000000        0.0000000000000000
   6.2203534541077907        3.0000000000000000        0.0000000000000000
   6.3460171602513826        3.0000000000000000        0.0000000000000000

   3.0787608005179976        4.0000000000000000        0.0000000000000000
   3.2044245066615891        4.0000000000000000        0.0000000000000000
   3.3300882128051810        4.0000000000000000        0.0000000000000000
   3.4557519189487729        4.0000000000000000        0.0000000000000000
   3.5814156250923643        4.0000000000000000        0.0000000000000000
   3.7070793312359562        4.0000000000000000        0.0000000000000000
   3.8327430373795481        4.0000000000000000        0.0000000000000000
   3.9584067435231396        4.0000000000000000        0.0000000000000000
   4.0840704496667311        4.0000000000000000        0.0000000000000000
   4.2097341558103230        4.0000000000000000        0.0000000000000000
   4.3353978619539149        4.0000000000000000        0.0000000000000000
   4.4610615680975068        4.0000000000000000        0.0000000000000000
   4.5867252742410987        4.0000000000000000        0.0000000000000000
   4.7123889803846897        4.0000000000000000        6.0975609756097563E-003
   4.8380526865282816        4.0000000000000000        2.4390243902439025E-002
   4.9637163926718735        4.0000000000000000       0.14634146341463414
   5.0893800988154654        4.0000000000000000       0.42682926829268292
   5.2150438049590573        4.0000000000000000       0.31097560975609756
   5.3407075111026492        4.0000000000000000        7.9268292682926830E-002
   5.4663712172462402        4.0000000000000000        6.0975609756097563E-003
   5.5920349233898321        4.0000000000000000        0.0000000000000000
   5.7176986295334240        4.0000000000000000        0.0000000000000000
   5.8433623356770159        4.0000000000000000        0.0000000000000000
   5.9690260418206078        4.0000000000000000        0.0000000000000000
   6.0946897479641988        4.0000000000000000        0.0000000000000000
   6.2203534541077907        4.0000000000000000        0.0000000000000000
   6.3460171602513826        4.0000000000000000        0.0000000000000000

   3.0787608005179976        5.0000000000000000        0.0000000000000000
   3.2044245066615891        5.0000000000000000        0.0000000000000000
   3.3300882128051810        5.0000000000000000        0.0000000000000000
   3.4557519189487729        5.0000000000000000        0.0000000000000000
   3.5814156250923643        5.0000000000000000        0.0000000000000000
   3.7070793312359562        5.0000000000000000        0.0000000000000000
   3.8327430373795481        5.0000000000000000        0.0000000000000000
   3.9584067435231396        5.0000000000000000        0.0000000000000000
   4.0840704496667311        5.0000000000000000        0.0000000000000000
   4.2097341558103230        5.0000000000000000        0.0000000000000000
   4.3353978619539149        5.0000000000000000        0.0000000000000000
   4.4610615680975068        5.0000000000000000        0.0000000000000000
   4.5867252742410987        5.0000000000000000        0.0000000000000000
   4.7123889803846897        5.0000000000000000        6.0975609756097563E-003
   4.8380526865282816        5.0000000000000000        1.8292682926829267E-002
   4.9637163926718735        5.0000000000000000       0.14634146341463414
   5.0893800988154654        5.0000000000000000       0.42682926829268292
   5.2150438049590573        5.0000000000000000       0.31707317073170732
   5.3407075111026492        5.0000000000000000        8.5365853658536592E-002
   5.4663712172462402        5.0000000000000000        0.0000000000000000
   5.5920349233898321        5.0000000000000000        0.0000000000000000
   5.7176986295334240        5.0000000000000000        0.0000000000000000
   5.8433623356770159        5.0000000000000000        0.0000000000000000
   5.9690260418206078        5.0000000000000000        0.0000000000000000
   6.0946897479641988        5.0000000000000000        0.0000000000000000
   6.2203534541077907        5.0000000000000000        0.0000000000000000
   6.3460171602513826        5.0000000000000000        0.0000000000000000

   3.0787608005179976        6.0000000000000000        0.0000000000000000
   3.2044245066615891        6.0000000000000000        0.0000000000000000
   3.3300882128051810        6.0000000000000000        0.0000000000000000
   3.4557519189487729        6.0000000000000000        0.0000000000000000
   3.5814156250923643        6.0000000000000000        0.0000000000000000
   3.7070793312359562        6.0000000000000000        0.0000000000000000
   3.8327430373795481        6.0000000000000000        0.0000000000000000
   3.9584067435231396        6.0000000000000000        0.0000000000000000
   4.0840704496667311        6.0000000000000000        0.0000000000000000
   4.2097341558103230        6.0000000000000000        0.0000000000000000
   4.3353978619539149        6.0000000000000000        0.0000000000000000
   4.4610615680975068        6.0000000000000000        0.0000000000000000
   4.5867252742410987        6.0000000000000000        0.0000000000000000
   4.7123889803846897        6.0000000000000000        0.0000000000000000
   4.8380526865282816        6.0000000000000000        1.8292682926829267E-002
   4.9637163926718735        6.0000000000000000       0.14634146341463414
   5.0893800988154654        6.0000000000000000       0.44512195121951220
   5.2150438049590573        6.0000000000000000       0.31097560975609756
   5.3407075111026492        6.0000000000000000        7.9268292682926830E-002
   5.4663712172462402        6.0000000000000000        0.0000000000000000
   5.5920349233898321        6.0000000000000000        0.0000000000000000
   5.7176986295334240        6.0000000000000000        0.0000000000000000
   5.8433623356770159        6.0000000000000000        0.0000000000000000
   5.9690260418206078        6.0000000000000000        0.0000000000000000
   6.0946897479641988        6.0000000000000000        0.0000000000000000
   6.2203534541077907        6.0000000000000000        0.0000000000000000
   6.3460171602513826        6.0000000000000000        0.0000000000000000

   3.0787608005179976        7.0000000000000000        0.0000000000000000
   3.2044245066615891        7.0000000000000000        0.0000000000000000
   3.3300882128051810        7.0000000000000000        0.0000000000000000
   3.4557519189487729        7.0000000000000000        0.0000000000000000
   3.5814156250923643        7.0000000000000000        0.0000000000000000
   3.7070793312359562        7.0000000000000000        0.0000000000000000
   3.8327430373795481        7.0000000000000000        0.0000000000000000
   3.9584067435231396        7.0000000000000000        0.0000000000000000
   4.0840704496667311        7.0000000000000000        0.0000000000000000
   4.2097341558103230        7.0000000000000000        0.0000000000000000
   4.3353978619539149        7.0000000000000000        0.0000000000000000
   4.4610615680975068        7.0000000000000000        0.0000000000000000
   4.5867252742410987        7.0000000000000000        0.0000000000000000
   4.7123889803846897        7.0000000000000000        0.0000000000000000
   4.8380526865282816        7.0000000000000000        1.8292682926829267E-002
   4.9637163926718735        7.0000000000000000       0.13414634146341464
   5.0893800988154654        7.0000000000000000       0.46951219512195119
   5.2150438049590573        7.0000000000000000       0.30487804878048780
   5.3407075111026492        7.0000000000000000        7.3170731707317069E-002
   5.4663712172462402        7.0000000000000000        0.0000000000000000
   5.5920349233898321        7.0000000000000000        0.0000000000000000
   5.7176986295334240        7.0000000000000000        0.0000000000000000
   5.8433623356770159        7.0000000000000000        0.0000000000000000
   5.9690260418206078        7.0000000000000000        0.0000000000000000
   6.0946897479641988        7.0000000000000000        0.0000000000000000
   6.2203534541077907        7.0000000000000000        0.0000000000000000
   6.3460171602513826        7.0000000000000000        0.0000000000000000

   3.0787608005179976        8.0000000000000000        0.0000000000000000
   3.2044245066615891        8.0000000000000000        0.0000000000000000
   3.3300882128051810        8.0000000000000000        0.0000000000000000
   3.4557519189487729        8.0000000000000000        0.0000000000000000
   3.5814156250923643        8.0000000000000000        0.0000000000000000
   3.7070793312359562        8.0000000000000000        0.0000000000000000
   3.8327430373795481        8.0000000000000000        0.0000000000000000
   3.9584067435231396        8.0000000000000000        0.0000000000000000
   4.0840704496667311        8.0000000000000000        0.0000000000000000
   4.2097341558103230        8.0000000000000000        0.0000000000000000
   4.3353978619539149        8.0000000000000000        0.0000000000000000
   4.4610615680975068        8.0000000000000000        0.0000000000000000
   4.5867252742410987        8.0000000000000000        0.0000000000000000
   4.7123889803846897        8.0000000000000000        0.0000000000000000
   4.8380526865282816        8.0000000000000000        1.8292682926829267E-002
   4.9637163926718735        8.0000000000000000       0.12195121951219512
   5.0893800988154654        8.0000000000000000       0.48170731707317072
   5.2150438049590573        8.0000000000000000       0.30487804878048780
   5.3407075111026492        8.0000000000000000        7.3170731707317069E-002
   5.4663712172462402        8.0000000000000000        0.0000000000000000
   5.5920349233898321        8.0000000000000000        0.0000000000000000
   5.7176986295334240        8.0000000000000000        0.0000000000000000
   5.8433623356770159        8.0000000000000000        0.0000000000000000
   5.9690260418206078        8.0000000000000000        0.0000000000000000
   6.0946897479641988        8.0000000000000000        0.0000000000000000
   6.2203534541077907        8.0000000000000000        0.0000000000000000
   6.3460171602513826        8.0000000000000000        0.0000000000000000

   3.0787608005179976        9.0000000000000000        0.0000000000000000
   3.2044245066615891        9.0000000000000000        0.0000000000000000
   3.3300882128051810        9.0000000000000000        0.0000000000000000
   3.4557519189487729        9.0000000000000000        0.0000000000000000
   3.5814156250923643        9.0000000000000000        0.0000000000000000
   3.7070793312359562        9.0000000000000000        0.0000000000000000
   3.8327430373795481        9.0000000000000000        0.0000000000000000
   3.9584067435231396        9.0000000000000000        0.0000000000000000
   4.0840704496667311        9.0000000000000000        0.0000000000000000
   4.2097341558103230        9.0000000000000000        0.0000000000000000
   4.3353978619539149        9.0000000000000000        0.0000000000000000
   4.4610615680975068        9.0000000000000000        0.0000000000000000
   4.5867252742410987        9.0000000000000000        0.0000000000000000
   4.7123889803846897        9.0000000000000000        0.0000000000000000
   4.8380526865282816        9.0000000000000000        2.4390243902439025E-002
   4.9637163926718735        9.0000000000000000       0.11585365853658537
   5.0893800988154654        9.0000000000000000       0.49390243902439024
   5.2150438049590573        9.0000000000000000       0.28658536585365851
   5.3407075111026492        9.0000000000000000        7.3170731707317069E-002
   5.4663712172462402        9.0000000000000000        6.0975609756097563E-003
   5.5920349233898321        9.0000000000000000        0.0000000000000000
   5.7176986295334240        9.0000000000000000        0.0000000000000000
   5.8433623356770159        9.0000000000000000        0.0000000000000000
   5.9690260418206078        9.0000000000000000        0.0000000000000000
   6.0946897479641988        9.0000000000000000        0.0000000000000000
   6.2203534541077907        9.0000000000000000        0.0000000000000000
   6.3460171602513826        9.0000000000000000        0.0000000000000000

   3.0787608005179976        10.000000000000000        0.0000000000000000
   3.2044245066615891        10.000000000000000        0.0000000000000000
   3.3300882128051810        10.000000000000000        0.0000000000000000
   3.4557519189487729        10.000000000000000        0.0000000000000000
   3.5814156250923643        10.000000000000000        0.0000000000000000
   3.7070793312359562        10.000000000000000        0.0000000000000000
   3.8327430373795481        10.000000000000000        0.0000000000000000
   3.9584067435231396        10.000000000000000        0.0000000000000000
   4.0840704496667311        10.000000000000000        0.0000000000000000
   4.2097341558103230        10.000000000000000        0.0000000000000000
   4.3353978619539149        10.000000000000000        0.0000000000000000
   4.4610615680975068        10.000000000000000        0.0000000000000000
   4.5867252742410987        10.000000000000000        0.0000000000000000
   4.7123889803846897        10.000000000000000        0.0000000000000000
   4.8380526865282816        10.000000000000000        1.8292682926829267E-002
   4.9637163926718735        10.000000000000000       0.10975609756097561
   5.0893800988154654        10.000000000000000       0.48170731707317072
   5.2150438049590573        10.000000000000000       0.30487804878048780
   5.3407075111026492        10.000000000000000        7.3170731707317069E-002
   5.4663712172462402        10.000000000000000        1.2195121951219513E-002
   5.5920349233898321        10.000000000000000        0.0000000000000000
   5.7176986295334240        10.000000000000000        0.0000000000000000
   5.8433623356770159        10.000000000000000        0.0000000000000000
   5.9690260418206078        10.000000000000000        0.0000000000000000
   6.0946897479641988        10.000000000000000        0.0000000000000000
   6.2203534541077907        10.000000000000000        0.0000000000000000
   6.3460171602513826        10.000000000000000        0.0000000000000000

   3.0787608005179976        11.000000000000000        0.0000000000000000
   3.2044245066615891        11.000000000000000        0.0000000000000000
   3.3300882128051810        11.000000000000000        0.0000000000000000
   3.4557519189487729        11.000000000000000        0.0000000000000000
   3.5814156250923643        11.000000000000000        0.0000000000000000
   3.7070793312359562        11.000000000000000        0.0000000000000000
   3.8327430373795481        11.000000000000000        0.0000000000000000
   3.9584067435231396        11.000000000000000        0.0000000000000000
   4.0840704496667311        11.000000000000000        0.0000000000000000
   4.2097341558103230        11.000000000000000        0.0000000000000000
   4.3353978619539149        11.000000000000000        0.0000000000000000
   4.4610615680975068        11.000000000000000        0.0000000000000000
   4.5867252742410987        11.000000000000000        0.0000000000000000
   4.7123889803846897        11.000000000000000        0.0000000000000000
   4.8380526865282816        11.000000000000000        3.6585365853658534E-002
   4.9637163926718735        11.000000000000000        9.1463414634146339E-002
   5.0893800988154654        11.000000000000000       0.51219512195121952
   5.2150438049590573        11.000000000000000       0.27439024390243905
   5.3407075111026492        11.000000000000000        7.3170731707317069E-002
   5.4663712172462402        11.000000000000000        1.2195121951219513E-002
   5.5920349233898321        11.000000000000000        0.0000000000000000
   5.7176986295334240        11.000000000000000        0.0000000000000000
   5.8433623356770159        11.000000000000000        0.0000000000000000
   5.9690260418206078        11.000000000000000        0.0000000000000000
   6.0946897479641988        11.000000000000000        0.0000000000000000
   6.2203534541077907        11.000000000000000        0.0000000000000000
   6.3460171602513826        11.000000000000000        0.0000000000000000

   3.0787608005179976        12.000000000000000        0.0000000000000000
   3.2044245066615891        12.000000000000000        0.0000000000000000
   3.3300882128051810        12.000000000000000        0.0000000000000000
   3.4557519189487729        12.000000000000000        0.0000000000000000
   3.5814156250923643        12.000000000000000        0.0000000000000000
   3.7070793312359562        12.000000000000000        0.0000000000000000
   3.8327430373795481        12.000000000000000        0.0000000000000000
   3.9584067435231396        12.000000000000000        0.0000000000000000
   4.0840704496667311        12.000000000000000        0.0000000000000000
   4.2097341558103230        12.000000000000000        0.0000000000000000
   4.3353978619539149        12.000000000000000        0.0000000000000000
   4.4610615680975068        12.000000000000000        0.0000000000000000
   4.5867252742410987        12.000000000000000        0.0000000000000000
   4.7123889803846897        12.000000000000000        0.0000000000000000
   4.8380526865282816        12.000000000000000        3.6585365853658534E-002
   4.9637163926718735        12.000000000000000       0.10365853658536585
   5.0893800988154654        12.000000000000000       0.51219512195121952
   5.2150438049590573        12.000000000000000       0.26829268292682928
   5.3407075111026492        12.000000000000000        6.0975609756097560E-002
   5.4663712172462402        12.000000000000000        1.8292682926829267E-002
   5.5920349233898321        12.000000000000000        0.0000000000000000
   5.7176986295334240        12.000000000000000        0.0000000000000000
   5.8433623356770159        12.000000000000000        0.0000000000000000
   5.9690260418206078        12.000000000000000        0.0000000000000000
   6.0946897479641988        12.000000000000000        0.0000000000000000
   6.2203534541077907        12.000000000000000        0.0000000000000000
   6.3460171602513826        12.000000000000000        0.0000000000000000

   3.0787608005179976        13.000000000000000        0.0000000000000000
   3.2044245066615891        13.000000000000000        0.0000000000000000
   3.3300882128051810        13.000000000000000        0.0000000000000000
   3.4557519189487729        13.000000000000000        0.0000000000000000
   3.5814156250923643        13.000000000000000        0.0000000000000000
   3.7070793312359562        13.000000000000000        0.0000000000000000
   3.8327430373795481        13.000000000000000        0.0000000000000000
   3.9584067435231396        13.000000000000000        0.0000000000000000
   4.0840704496667311        13.000000000000000        0.0000000000000000
   4.2097341558103230        13.000000000000000        0.0000000000000000
   4.3353978619539149        13.000000000000000        0.0000000000000000
   4.4610615680975068        13.000000000000000        0.0000000000000000
   4.5867252742410987        13.000000000000000        0.0000000000000000
   4.7123889803846897        13.000000000000000        0.0000000000000000
   4.8380526865282816        13.000000000000000        4.2682926829268296E-002
   4.9637163926718735        13.000000000000000        9.7560975609756101E-002
   5.0893800988154654        13.000000000000000       0.54268292682926833
   5.2150438049590573        13.000000000000000       0.24390243902439024
   5.3407075111026492        13.000000000000000        4.8780487804878050E-002
   5.4663712172462402        13.000000000000000        1.8292682926829267E-002
   5.5920349233898321        13.000000000000000        6.0975609756097563E-003
   5.7176986295334240        13.000000000000000        0.0000000000000000
   5.8433623356770159        13.000000000000000        0.0000000000000000
   5.9690260418206078        13.000000000000000        0.0000000000000000
   6.0946897479641988        13.000000000000000        0.0000000000000000
   6.2203534541077907        13.000000000000000        0.0000000000000000
   6.3460171602513826        13.000000000000000        0.0000000000000000

   3.0787608005179976        14.000000000000000        0.0000000000000000
   3.2044245066615891        14.000000000000000        0.0000000000000000
   3.3300882128051810        14.000000000000000        0.0000000000000000
   3.4557519189487729        14.000000000000000        0.0000000000000000
   3.5814156250923643        14.000000000000000        0.0000000000000000
   3.7070793312359562        14.000000000000000        0.0000000000000000
   3.8327430373795481        14.000000000000000        0.0000000000000000
   3.9584067435231396        14.000000000000000        0.0000000000000000
   4.0840704496667311        14.000000000000000        0.0000000000000000
   4.2097341558103230        14.000000000000000        0.0000000000000000
   4.3353978619539149        14.000000000000000        0.0000000000000000
   4.4610615680975068        14.000000000000000        0.0000000000000000
   4.5867252742410987        14.000000000000000        0.0000000000000000
   4.7123889803846897        14.000000000000000        0.0000000000000000
   4.8380526865282816        14.000000000000000        4.2682926829268296E-002
   4.9637163926718735        14.000000000000000       0.10365853658536585
   5.0893800988154654        14.000000000000000       0.54268292682926833
   5.2150438049590573        14.000000000000000       0.20731707317073170
   5.3407075111026492        14.000000000000000        7.9268292682926830E-002
   5.4663712172462402        14.000000000000000        1.8292682926829267E-002
   5.5920349233898321        14.000000000000000        6.0975609756097563E-003
   5.7176986295334240        14.000000000000000        0.0000000000000000
   5.8433623356770159        14.000000000000000        0.0000000000000000
   5.9690260418206078        14.000000000000000        0.0000000000000000
   6.0946897479641988        14.000000000000000        0.0000000000000000
   6.2203534541077907        14.000000000000000        0.0000000000000000
   6.3460171602513826        14.000000000000000        0.0000000000000000

   3.0787608005179976        15.000000000000000        0.0000000000000000
   3.2044245066615891        15.000000000000000        0.0000000000000000
   3.3300882128051810        15.000000000000000        0.0000000000000000
   3.4557519189487729        15.000000000000000        0.0000000000000000
   3.5814156250923643        15.000000000000000        0.0000000000000000
   3.7070793312359562        15.000000000000000        0.0000000000000000
   3.8327430373795481        15.000000000000000        0.0000000000000000
   3.9584067435231396        15.000000000000000        0.0000000000000000
   4.0840704496667311        15.000000000000000        0.0000000000000000
   4.2097341558103230        15.000000000000000        0.0000000000000000
   4.3353978619539149        15.000000000000000        0.0000000000000000
   4.4610615680975068        15.000000000000000        0.0000000000000000
   4.5867252742410987        15.000000000000000        0.0000000000000000
   4.7123889803846897        15.000000000000000        0.0000000000000000
   4.8380526865282816        15.000000000000000        6.0975609756097560E-002
   4.9637163926718735        15.000000000000000        8.5365853658536592E-002
   5.0893800988154654        15.000000000000000       0.54268292682926833
   5.2150438049590573        15.000000000000000       0.20731707317073170
   5.3407075111026492        15.000000000000000        7.3170731707317069E-002
   5.4663712172462402        15.000000000000000        2.4390243902439025E-002
   5.5920349233898321        15.000000000000000        6.0975609756097563E-003
   5.7176986295334240        15.000000000000000        0.0000000000000000
   5.8433623356770159        15.000000000000000        0.0000000000000000
   5.9690260418206078        15.000000000000000        0.0000000000000000
   6.0946897479641988        15.000000000000000        0.0000000000000000
   6.2203534541077907        15.000000000000000        0.0000000000000000
   6.3460171602513826        15.000000000000000        0.0000000000000000

   3.0787608005179976        16.000000000000000        0.0000000000000000
   3.2044245066615891        16.000000000000000        0.0000000000000000
   3.3300882128051810        16.000000000000000        0.0000000000000000
   3.4557519189487729        16.000000000000000        0.0000000000000000
   3.5814156250923643        16.000000000000000        0.0000000000000000
   3.7070793312359562        16.000000000000000        0.0000000000000000
   3.8327430373795481        16.000000000000000        0.0000000000000000
   3.9584067435231396        16.000000000000000        0.0000000000000000
   4.0840704496667311        16.000000000000000        0.0000000000000000
   4.2097341558103230        16.000000000000000        0.0000000000000000
   4.3353978619539149        16.000000000000000        0.0000000000000000
   4.4610615680975068        16.000000000000000        0.0000000000000000
   4.5867252742410987        16.000000000000000        0.0000000000000000
   4.7123889803846897        16.000000000000000        0.0000000000000000
   4.8380526865282816        16.000000000000000        6.7073170731707321E-002
   4.9637163926718735        16.000000000000000        9.1463414634146339E-002
   5.0893800988154654        16.000000000000000       0.54268292682926833
   5.2150438049590573        16.000000000000000       0.19512195121951220
   5.3407075111026492        16.000000000000000        6.7073170731707321E-002
   5.4663712172462402        16.000000000000000        2.4390243902439025E-002
   5.5920349233898321        16.000000000000000        1.2195121951219513E-002
   5.7176986295334240        16.000000000000000        0.0000000000000000
   5.8433623356770159        16.000000000000000        0.0000000000000000
   5.9690260418206078        16.000000000000000        0.0000000000000000
   6.0946897479641988        16.000000000000000        0.0000000000000000
   6.2203534541077907        16.000000000000000        0.0000000000000000
   6.3460171602513826        16.000000000000000        0.0000000000000000

   3.0787608005179976        17.000000000000000        0.0000000000000000
   3.2044245066615891        17.000000000000000        0.0000000000000000
   3.3300882128051810        17.000000000000000        0.0000000000000000
   3.4557519189487729        17.000000000000000        0.0000000000000000
   3.5814156250923643        17.000000000000000        0.0000000000000000
   3.7070793312359562        17.000000000000000        0.0000000000000000
   3.8327430373795481        17.000000000000000        0.0000000000000000
   3.9584067435231396        17.000000000000000        0.0000000000000000
   4.0840704496667311        17.000000000000000        0.0000000000000000
   4.2097341558103230        17.000000000000000        0.0000000000000000
   4.3353978619539149        17.000000000000000        0.0000000000000000
   4.4610615680975068        17.000000000000000        0.0000000000000000
   4.5867252742410987        17.000000000000000        0.0000000000000000
   4.7123889803846897        17.000000000000000        0.0000000000000000
   4.8380526865282816        17.000000000000000        6.7073170731707321E-002
   4.9637163926718735        17.000000000000000        8.5365853658536592E-002
   5.0893800988154654        17.000000000000000       0.54268292682926833
   5.2150438049590573        17.000000000000000       0.20121951219512196
   5.3407075111026492        17.000000000000000        6.0975609756097560E-002
   5.4663712172462402        17.000000000000000        3.0487804878048780E-002
   5.5920349233898321        17.000000000000000        6.0975609756097563E-003
   5.7176986295334240        17.000000000000000        6.0975609756097563E-003
   5.8433623356770159        17.000000000000000        0.0000000000000000
   5.9690260418206078        17.000000000000000        0.0000000000000000
   6.0946897479641988        17.000000000000000        0.0000000000000000
   6.2203534541077907        17.000000000000000        0.0000000000000000
   6.3460171602513826        17.000000000000000        0.0000000000000000

   3.0787608005179976        18.000000000000000        0.0000000000000000
   3.2044245066615891        18.000000000000000        0.0000000000000000
   3.3300882128051810        18.000000000000000        0.0000000000000000
   3.4557519189487729        18.000000000000000        0.0000000000000000
   3.5814156250923643        18.000000000000000        0.0000000000000000
   3.7070793312359562        18.000000000000000        0.0000000000000000
   3.8327430373795481        18.000000000000000        0.0000000000000000
   3.9584067435231396        18.000000000000000        0.0000000000000000
   4.0840704496667311        18.000000000000000        0.0000000000000000
   4.2097341558103230        18.000000000000000        0.0000000000000000
   4.3353978619539149        18.000000000000000        0.0000000000000000
   4.4610615680975068        18.000000000000000        0.0000000000000000
   4.5867252742410987        18.000000000000000        0.0000000000000000
   4.7123889803846897        18.000000000000000        0.0000000000000000
   4.8380526865282816        18.000000000000000        6.7073170731707321E-002
   4.9637163926718735        18.000000000000000        8.5365853658536592E-002
   5.0893800988154654        18.000000000000000       0.54878048780487809
   5.2150438049590573        18.000000000000000       0.18292682926829268
   5.3407075111026492        18.000000000000000        6.7073170731707321E-002
   5.4663712172462402        18.000000000000000        2.4390243902439025E-002
   5.5920349233898321        18.000000000000000        1.8292682926829267E-002
   5.7176986295334240        18.000000000000000        6.0975609756097563E-003
   5.8433623356770159        18.000000000000000        0.0000000000000000
   5.9690260418206078        18.000000000000000        0.0000000000000000
   6.0946897479641988        18.000000000000000        0.0000000000000000
   6.2203534541077907        18.000000000000000        0.0000000000000000
   6.3460171602513826        18.000000000000000        0.0000000000000000

   3.0787608005179976        19.000000000000000        0.0000000000000000
   3.2044245066615891        19.000000000000000        0.0000000000000000
   3.3300882128051810        19.000000000000000        0.0000000000000000
   3.4557519189487729        19.000000000000000        0.0000000000000000
   3.5814156250923643        19.000000000000000        0.0000000000000000
   3.7070793312359562        19.000000000000000        0.0000000000000000
   3.8327430373795481        19.000000000000000        0.0000000000000000
   3.9584067435231396        19.000000000000000        0.0000000000000000
   4.0840704496667311        19.000000000000000        0.0000000000000000
   4.2097341558103230        19.000000000000000        0.0000000000000000
   4.3353978619539149        19.000000000000000        0.0000000000000000
   4.4610615680975068        19.000000000000000        0.0000000000000000
   4.5867252742410987        19.000000000000000        0.0000000000000000
   4.7123889803846897        19.000000000000000        0.0000000000000000
   4.8380526865282816        19.000000000000000        6.7073170731707321E-002
   4.9637163926718735        19.000000000000000        8.5365853658536592E-002
   5.0893800988154654        19.000000000000000       0.54268292682926833
   5.2150438049590573        19.000000000000000       0.19512195121951220
   5.3407075111026492        19.000000000000000        6.0975609756097560E-002
   5.4663712172462402        19.000000000000000        2.4390243902439025E-002
   5.5920349233898321        19.000000000000000        1.8292682926829267E-002
   5.7176986295334240        19.000000000000000        6.0975609756097563E-003
   5.8433623356770159        19.000000000000000        0.0000000000000000
   5.9690260418206078        19.000000000000000        0.0000000000000000
   6.0946897479641988        19.000000000000000        0.0000000000000000
   6.2203534541077907        19.000000000000000        0.0000000000000000
   6.3460171602513826        19.000000000000000        0.0000000000000000

   3.0787608005179976        20.000000000000000        0.0000000000000000
   3.2044245066615891        20.000000000000000        0.0000000000000000
   3.3300882128051810        20.000000000000000        0.0000000000000000
   3.4557519189487729        20.000000000000000        0.0000000000000000
   3.5814156250923643        20.000000000000000        0.0000000000000000
   3.7070793312359562        20.000000000000000        0.0000000000000000
   3.8327430373795481        20.000000000000000        0.0000000000000000
   3.9584067435231396        20.000000000000000        0.0000000000000000
   4.0840704496667311        20.000000000000000        0.0000000000000000
   4.2097341558103230        20.000000000000000        0.0000000000000000
   4.3353978619539149        20.000000000000000        0.0000000000000000
   4.4610615680975068        20.000000000000000        0.0000000000000000
   4.5867252742410987        20.000000000000000        0.0000000000000000
   4.7123889803846897        20.000000000000000        0.0000000000000000
   4.8380526865282816        20.000000000000000        6.0975609756097560E-002
   4.9637163926718735        20.000000000000000        9.7560975609756101E-002
   5.0893800988154654        20.000000000000000       0.54268292682926833
   5.2150438049590573        20.000000000000000       0.17073170731707318
   5.3407075111026492        20.000000000000000        7.9268292682926830E-002
   5.4663712172462402        20.000000000000000        2.4390243902439025E-002
   5.5920349233898321        20.000000000000000        1.8292682926829267E-002
   5.7176986295334240        20.000000000000000        6.0975609756097563E-003
   5.8433623356770159        20.000000000000000        0.0000000000000000
   5.9690260418206078        20.000000000000000        0.0000000000000000
   6.0946897479641988        20.000000000000000        0.0000000000000000
   6.2203534541077907        20.000000000000000        0.0000000000000000
   6.3460171602513826        20.000000000000000        0.0000000000000000

   3.0787608005179976        21.000000000000000        0.0000000000000000
   3.2044245066615891        21.000000000000000        0.0000000000000000
   3.3300882128051810        21.000000000000000        0.0000000000000000
   3.4557519189487729        21.000000000000000        0.0000000000000000
   3.5814156250923643        21.000000000000000        0.0000000000000000
   3.7070793312359562        21.000000000000000        0.0000000000000000
   3.8327430373795481        21.000000000000000        0.0000000000000000
   3.9584067435231396        21.000000000000000        0.0000000000000000
   4.0840704496667311        21.000000000000000        0.0000000000000000
   4.2097341558103230        21.000000000000000        0.0000000000000000
   4.3353978619539149        21.000000000000000        0.0000000000000000
   4.4610615680975068        21.000000000000000        0.0000000000000000
   4.5867252742410987        21.000000000000000        0.0000000000000000
   4.7123889803846897        21.000000000000000        0.0000000000000000
   4.8380526865282816        21.000000000000000        6.0975609756097560E-002
   4.9637163926718735        21.000000000000000        9.7560975609756101E-002
   5.0893800988154654        21.000000000000000       0.53048780487804881
   5.2150438049590573        21.000000000000000       0.17682926829268292
   5.3407075111026492        21.000000000000000        8.5365853658536592E-002
   5.4663712172462402        21.000000000000000        1.2195121951219513E-002
   5.5920349233898321        21.000000000000000        3.0487804878048780E-002
   5.7176986295334240        21.000000000000000        6.0975609756097563E-003
   5.8433623356770159        21.000000000000000        0.0000000000000000
   5.9690260418206078        21.000000000000000        0.0000000000000000
   6.0946897479641988        21.000000000000000        0.0000000000000000
   6.2203534541077907        21.000000000000000        0.0000000000000000
   6.3460171602513826        21.000000000000000        0.0000000000000000

   3.0787608005179976        22.000000000000000        0.0000000000000000
   3.2044245066615891        22.000000000000000        0.0000000000000000
   3.3300882128051810        22.000000000000000        0.0000000000000000
   3.4557519189487729        22.000000000000000        0.0000000000000000
   3.5814156250923643        22.000000000000000        0.0000000000000000
   3.7070793312359562        22.000000000000000        0.0000000000000000
   3.8327430373795481        22.000000000000000        0.0000000000000000
   3.9584067435231396        22.000000000000000        0.0000000000000000
   4.0840704496667311        22.000000000000000        0.0000000000000000
   4.2097341558103230        22.000000000000000        0.0000000000000000
   4.3353978619539149        22.000000000000000        0.0000000000000000
   4.4610615680975068        22.000000000000000        0.0000000000000000
   4.5867252742410987        22.000000000000000        0.0000000000000000
   4.7123889803846897        22.000000000000000        0.0000000000000000
   4.8380526865282816        22.000000000000000        6.0975609756097560E-002
   4.9637163926718735        22.000000000000000       0.10365853658536585
   5.0893800988154654        22.000000000000000       0.53658536585365857
   5.2150438049590573        22.000000000000000       0.17073170731707318
   5.3407075111026492        22.000000000000000        7.3170731707317069E-002
   5.4663712172462402        22.000000000000000        1.2195121951219513E-002
   5.5920349233898321        22.000000000000000        3.6585365853658534E-002
   5.7176986295334240        22.000000000000000        0.0000000000000000
   5.8433623356770159        22.000000000000000        6.0975609756097563E-003
   5.9690260418206078        22.000000000000000        0.0000000000000000
   6.0946897479641988        22.000000000000000        0.0000000000000000
   6.2203534541077907        22.000000000000000        0.0000000000000000
   6.3460171602513826        22.000000000000000        0.0000000000000000

   3.0787608005179976        23.000000000000000        0.0000000000000000
   3.2044245066615891        23.000000000000000        0.0000000000000000
   3.3300882128051810        23.000000000000000        0.0000000000000000
   3.4557519189487729        23.000000000000000        0.0000000000000000
   3.5814156250923643        23.000000000000000        0.0000000000000000
   3.7070793312359562        23.000000000000000        0.0000000000000000
   3.8327430373795481        23.000000000000000        0.0000000000000000
   3.9584067435231396        23.000000000000000        0.0000000000000000
   4.0840704496667311        23.000000000000000        0.0000000000000000
   4.2097341558103230        23.000000000000000        0.0000000000000000
   4.3353978619539149        23.000000000000000        0.0000000000000000
   4.4610615680975068        23.000000000000000        0.0000000000000000
   4.5867252742410987        23.000000000000000        0.0000000000000000
   4.7123889803846897        23.000000000000000        0.0000000000000000
   4.8380526865282816        23.000000000000000        6.0975609756097560E-002
   4.9637163926718735        23.000000000000000       0.10365853658536585
   5.0893800988154654        23.000000000000000       0.56097560975609762
   5.2150438049590573        23.000000000000000       0.15243902439024390
   5.3407075111026492        23.000000000000000        6.7073170731707321E-002
   5.4663712172462402        23.000000000000000        6.0975609756097563E-003
   5.5920349233898321        23.000000000000000        4.2682926829268296E-002
   5.7176986295334240        23.000000000000000        0.0000000000000000
   5.8433623356770159        23.000000000000000        6.0975609756097563E-003
   5.9690260418206078        23.000000000000000        0.0000000000000000
   6.0946897479641988        23.000000000000000        0.0000000000000000
   6.2203534541077907        23.000000000000000        0.0000000000000000
   6.3460171602513826        23.000000000000000        0.0000000000000000

   3.0787608005179976        24.000000000000000        0.0000000000000000
   3.2044245066615891        24.000000000000000        0.0000000000000000
   3.3300882128051810        24.000000000000000        0.0000000000000000
   3.4557519189487729        24.000000000000000        0.0000000000000000
   3.5814156250923643        24.000000000000000        0.0000000000000000
   3.7070793312359562        24.000000000000000        0.0000000000000000
   3.8327430373795481        24.000000000000000        0.0000000000000000
   3.9584067435231396        24.000000000000000        0.0000000000000000
   4.0840704496667311        24.000000000000000        0.0000000000000000
   4.2097341558103230        24.000000000000000        0.0000000000000000
   4.3353978619539149        24.000000000000000        0.0000000000000000
   4.4610615680975068        24.000000000000000        0.0000000000000000
   4.5867252742410987        24.000000000000000        0.0000000000000000
   4.7123889803846897        24.000000000000000        0.0000000000000000
   4.8380526865282816        24.000000000000000        6.0975609756097560E-002
   4.9637163926718735        24.000000000000000       0.10975609756097561
   5.0893800988154654        24.000000000000000       0.55487804878048785
   5.2150438049590573        24.000000000000000       0.14634146341463414
   5.3407075111026492        24.000000000000000        6.7073170731707321E-002
   5.4663712172462402        24.000000000000000        1.2195121951219513E-002
   5.5920349233898321        24.000000000000000        4.2682926829268296E-002
   5.7176986295334240        24.000000000000000        0.0000000000000000
   5.8433623356770159        24.000000000000000        6.0975609756097563E-003
   5.9690260418206078        24.000000000000000        0.0000000000000000
   6.0946897479641988        24.000000000000000        0.0000000000000000
   6.2203534541077907        24.000000000000000        0.0000000000000000
   6.3460171602513826        24.000000000000000        0.0000000000000000

   3.0787608005179976        25.000000000000000        0.0000000000000000
   3.2044245066615891        25.000000000000000        0.0000000000000000
   3.3300882128051810        25.000000000000000        0.0000000000000000
   3.4557519189487729        25.000000000000000        0.0000000000000000
   3.5814156250923643        25.000000000000000        0.0000000000000000
   3.7070793312359562        25.000000000000000        0.0000000000000000
   3.8327430373795481        25.000000000000000        0.0000000000000000
   3.9584067435231396        25.000000000000000        0.0000000000000000
   4.0840704496667311        25.000000000000000        0.0000000000000000
   4.2097341558103230        25.000000000000000        0.0000000000000000
   4.3353978619539149        25.000000000000000        0.0000000000000000
   4.4610615680975068        25.000000000000000        0.0000000000000000
   4.5867252742410987        25.000000000000000        0.0000000000000000
   4.7123889803846897        25.000000000000000        0.0000000000000000
   4.8380526865282816        25.000000000000000        6.0975609756097560E-002
   4.9637163926718735        25.000000000000000       0.10365853658536585
   5.0893800988154654        25.000000000000000       0.55487804878048785
   5.2150438049590573        25.000000000000000       0.14634146341463414
   5.3407075111026492        25.000000000000000        5.4878048780487805E-002
   5.4663712172462402        25.000000000000000        3.0487804878048780E-002
   5.5920349233898321        25.000000000000000        3.0487804878048780E-002
   5.7176986295334240        25.000000000000000        1.2195121951219513E-002
   5.8433623356770159        25.000000000000000        6.0975609756097563E-003
   5.9690260418206078        25.000000000000000        0.0000000000000000
   6.0946897479641988        25.000000000000000        0.0000000000000000
   6.2203534541077907        25.000000000000000        0.0000000000000000
   6.3460171602513826        25.000000000000000        0.0000000000000000

   3.0787608005179976        26.000000000000000        0.0000000000000000
   3.2044245066615891        26.000000000000000        0.0000000000000000
   3.3300882128051810        26.000000000000000        0.0000000000000000
   3.4557519189487729        26.000000000000000        0.0000000000000000
   3.5814156250923643        26.000000000000000        0.0000000000000000
   3.7070793312359562        26.000000000000000        0.0000000000000000
   3.8327430373795481        26.000000000000000        0.0000000000000000
   3.9584067435231396        26.000000000000000        0.0000000000000000
   4.0840704496667311        26.000000000000000        0.0000000000000000
   4.2097341558103230        26.000000000000000        0.0000000000000000
   4.3353978619539149        26.000000000000000        0.0000000000000000
   4.4610615680975068        26.000000000000000        0.0000000000000000
   4.5867252742410987        26.000000000000000        0.0000000000000000
   4.7123889803846897        26.000000000000000        0.0000000000000000
   4.8380526865282816        26.000000000000000        6.0975609756097560E-002
   4.9637163926718735        26.000000000000000        9.7560975609756101E-002
   5.0893800988154654        26.000000000000000       0.56707317073170727
   5.2150438049590573        26.000000000000000       0.13414634146341464
   5.3407075111026492        26.000000000000000        5.4878048780487805E-002
   5.4663712172462402        26.000000000000000        3.6585365853658534E-002
   5.5920349233898321        26.000000000000000        1.8292682926829267E-002
   5.7176986295334240        26.000000000000000        2.4390243902439025E-002
   5.8433623356770159        26.000000000000000        6.0975609756097563E-003
   5.9690260418206078        26.000000000000000        0.0000000000000000
   6.0946897479641988        26.000000000000000        0.0000000000000000
   6.2203534541077907        26.000000000000000        0.0000000000000000
   6.3460171602513826        26.000000000000000        0.0000000000000000

   3.0787608005179976        27.000000000000000        0.0000000000000000
   3.2044245066615891        27.000000000000000        0.0000000000000000
   3.3300882128051810        27.000000000000000        0.0000000000000000
   3.4557519189487729        27.000000000000000        0.0000000000000000
   3.5814156250923643        27.000000000000000        0.0000000000000000
   3.7070793312359562        27.000000000000000        0.0000000000000000
   3.8327430373795481        27.000000000000000        0.0000000000000000
   3.9584067435231396        27.000000000000000        0.0000000000000000
   4.0840704496667311        27.000000000000000        0.0000000000000000
   4.2097341558103230        27.000000000000000        0.0000000000000000
   4.3353978619539149        27.000000000000000        0.0000000000000000
   4.4610615680975068        27.000000000000000        0.0000000000000000
   4.5867252742410987        27.000000000000000        0.0000000000000000
   4.7123889803846897        27.000000000000000        0.0000000000000000
   4.8380526865282816        27.000000000000000        6.0975609756097560E-002
   4.9637163926718735        27.000000000000000       0.10365853658536585
   5.0893800988154654        27.000000000000000       0.54878048780487809
   5.2150438049590573        27.000000000000000       0.14634146341463414
   5.3407075111026492        27.000000000000000        5.4878048780487805E-002
   5.4663712172462402        27.000000000000000        2.4390243902439025E-002
   5.5920349233898321        27.000000000000000        2.4390243902439025E-002
   5.7176986295334240        27.000000000000000        3.0487804878048780E-002
   5.8433623356770159        27.000000000000000        0.0000000000000000
   5.9690260418206078        27.000000000000000        6.0975609756097563E-003
   6.0946897479641988        27.000000000000000        0.0000000000000000
   6.2203534541077907        27.000000000000000        0.0000000000000000
   6.3460171602513826        27.000000000000000        0.0000000000000000

   3.0787608005179976        28.000000000000000        0.0000000000000000
   3.2044245066615891        28.000000000000000        0.0000000000000000
   3.3300882128051810        28.000000000000000        0.0000000000000000
   3.4557519189487729        28.000000000000000        0.0000000000000000
   3.5814156250923643        28.000000000000000        0.0000000000000000
   3.7070793312359562        28.000000000000000        0.0000000000000000
   3.8327430373795481        28.000000000000000        0.0000000000000000
   3.9584067435231396        28.000000000000000        0.0000000000000000
   4.0840704496667311        28.000000000000000        0.0000000000000000
   4.2097341558103230        28.000000000000000        0.0000000000000000
   4.3353978619539149        28.000000000000000        0.0000000000000000
   4.4610615680975068        28.000000000000000        0.0000000000000000
   4.5867252742410987        28.000000000000000        0.0000000000000000
   4.7123889803846897        28.000000000000000        0.0000000000000000
   4.8380526865282816        28.000000000000000        5.4878048780487805E-002
   4.9637163926718735        28.000000000000000       0.12804878048780488
   5.0893800988154654        28.000000000000000       0.53048780487804881
   5.2150438049590573        28.000000000000000       0.14634146341463414
   5.3407075111026492        28.000000000000000        5.4878048780487805E-002
   5.4663712172462402        28.000000000000000        2.4390243902439025E-002
   5.5920349233898321        28.000000000000000        2.4390243902439025E-002
   5.7176986295334240        28.000000000000000        3.0487804878048780E-002
   5.8433623356770159        28.000000000000000        0.0000000000000000
   5.9690260418206078        28.000000000000000        6.0975609756097563E-003
   6.0946897479641988        28.000000000000000        0.0000000000000000
   6.2203534541077907        28.000000000000000        0.0000000000000000
   6.3460171602513826        28.000000000000000        0.0000000000000000

   3.0787608005179976        29.000000000000000        0.0000000000000000
   3.2044245066615891        29.000000000000000        0.0000000000000000
   3.3300882128051810        29.000000000000000        0.0000000000000000
   3.4557519189487729        29.000000000000000        0.0000000000000000
   3.5814156250923643        29.000000000000000        0.0000000000000000
   3.7070793312359562        29.000000000000000        0.0000000000000000
   3.8327430373795481        29.000000000000000        0.0000000000000000
   3.9584067435231396        29.000000000000000        0.0000000000000000
   4.0840704496667311        29.000000000000000        0.0000000000000000
   4.2097341558103230        29.000000000000000        0.0000000000000000
   4.3353978619539149        29.000000000000000        0.0000000000000000
   4.4610615680975068        29.000000000000000        0.0000000000000000
   4.5867252742410987        29.000000000000000        0.0000000000000000
   4.7123889803846897        29.000000000000000        0.0000000000000000
   4.8380526865282816        29.000000000000000        5.4878048780487805E-002
   4.9637163926718735        29.000000000000000       0.12804878048780488
   5.0893800988154654        29.000000000000000       0.53048780487804881
   5.2150438049590573        29.000000000000000       0.14634146341463414
   5.3407075111026492        29.000000000000000        5.4878048780487805E-002
   5.4663712172462402        29.000000000000000        2.4390243902439025E-002
   5.5920349233898321        29.000000000000000        2.4390243902439025E-002
   5.7176986295334240        29.000000000000000        3.0487804878048780E-002
   5.8433623356770159        29.000000000000000        0.0000000000000000
   5.9690260418206078        29.000000000000000        6.0975609756097563E-003
   6.0946897479641988        29.000000000000000        0.0000000000000000
   6.2203534541077907        29.000000000000000        0.0000000000000000
   6.3460171602513826        29.000000000000000        0.0000000000000000

   3.0787608005179976        30.000000000000000        0.0000000000000000
   3.2044245066615891        30.000000000000000        0.0000000000000000
   3.3300882128051810        30.000000000000000        0.0000000000000000
   3.4557519189487729        30.000000000000000        0.0000000000000000
   3.5814156250923643        30.000000000000000        0.0000000000000000
   3.7070793312359562        30.000000000000000        0.0000000000000000
   3.8327430373795481        30.000000000000000        0.0000000000000000
   3.9584067435231396        30.000000000000000        0.0000000000000000
   4.0840704496667311        30.000000000000000        0.0000000000000000
   4.2097341558103230        30.000000000000000        0.0000000000000000
   4.3353978619539149        30.000000000000000        0.0000000000000000
   4.4610615680975068        30.000000000000000        0.0000000000000000
   4.5867252742410987        30.000000000000000        0.0000000000000000
   4.7123889803846897        30.000000000000000        0.0000000000000000
   4.8380526865282816        30.000000000000000        5.4878048780487805E-002
   4.9637163926718735        30.000000000000000       0.14024390243902440
   5.0893800988154654        30.000000000000000       0.51219512195121952
   5.2150438049590573        30.000000000000000       0.15243902439024390
   5.3407075111026492        30.000000000000000        5.4878048780487805E-002
   5.4663712172462402        30.000000000000000        1.8292682926829267E-002
   5.5920349233898321        30.000000000000000        2.4390243902439025E-002
   5.7176986295334240        30.000000000000000        3.6585365853658534E-002
   5.8433623356770159        30.000000000000000        0.0000000000000000
   5.9690260418206078        30.000000000000000        6.0975609756097563E-003
   6.0946897479641988        30.000000000000000        0.0000000000000000
   6.2203534541077907        30.000000000000000        0.0000000000000000
   6.3460171602513826        30.000000000000000        0.0000000000000000

   3.2044245066615891        31.000000000000000        0.0000000000000000
   3.3300882128051810        31.000000000000000        0.0000000000000000
   3.4557519189487729        31.000000000000000        0.0000000000000000
   3.5814156250923643        31.000000000000000        0.0000000000000000
   3.7070793312359562        31.000000000000000        0.0000000000000000
   3.8327430373795481        31.000000000000000        0.0000000000000000
   3.9584067435231396        31.000000000000000        0.0000000000000000
   4.0840704496667311        31.000000000000000        0.0000000000000000
   4.2097341558103230        31.000000000000000        0.0000000000000000
   4.3353978619539149        31.000000000000000        0.0000000000000000
   4.4610615680975068        31.000000000000000        0.0000000000000000
   4.5867252742410987        31.000000000000000        0.0000000000000000
   4.7123889803846897        31.000000000000000        0.0000000000000000
   4.8380526865282816        31.000000000000000        5.4878048780487805E-002
   4.9637163926718735        31.000000000000000       0.14024390243902440
   5.0893800988154654        31.000000000000000       0.50000000000000000
   5.2150438049590573        31.000000000000000       0.15853658536585366
   5.3407075111026492        31.000000000000000        5.4878048780487805E-002
   5.4663712172462402        31.000000000000000        2.4390243902439025E-002
   5.5920349233898321        31.000000000000000        1.2195121951219513E-002
   5.7176986295334240        31.000000000000000        4.2682926829268296E-002
   5.8433623356770159        31.000000000000000        6.0975609756097563E-003
   5.9690260418206078        31.000000000000000        6.0975609756097563E-003
   6.0946897479641988        31.000000000000000        0.0000000000000000
   6.2203534541077907        31.000000000000000        0.0000000000000000
   6.3460171602513826        31.000000000000000        0.0000000000000000

