                    1   5.1087870779665003        2.7908619394939773       -6.6678674979647976     
                    2   5.0412500465471659        3.1221807136719772       -9.1491722834353677     
                    3   5.1562311889706649        4.1152354489609406       -8.6548560534940666     
                    4   5.2666835450301441        4.9006472552044595       -7.9166589290251750     
                    5   5.2085112247004650        4.5906917278569859       -8.4812079902089454     
                    6   5.3615235770087715        4.9275272496336289       -6.4935016086839568     
                    7   5.3255442869688947        4.2934810219209085       -6.1019372151726730     
                    8   5.3634401226342581        4.7445612056554554       -6.2275670206764309     
                    9   5.1645205511039940        4.0560322861680280       -8.3511283921698229     
                   10   5.1167538371908288        3.2530872712895005       -7.6015972949174060     
                   11   5.2399385625706678        4.4140665004051147       -7.5761046958880085     
                   12   5.3441144740493680        4.2355406705699998       -5.7881488480335817     
                   13   5.2232002125553239        3.8643579945290276       -6.8954153629326429     
                   14   5.0991964216765471        2.7223580201143660       -6.6834574415797299     
                   15   5.0995175855919186        3.5057029224188869       -8.5986832173464069     
                   16   5.0126654620264270        2.5278531059799811       -8.1638661919897757     
                   17   5.1512267377384111        3.1186630682888454       -6.6444803920464546     
                   18   5.1591620083117808        3.8694164591694196       -8.0767430862097633     
                   19   5.3036731705682936        4.1393004326772163       -6.1650204452850756     
                   20   5.2621778210799963        4.7458138317763758       -7.7442882789327250     
                   21   4.9738725580849419        1.8099778588245528       -6.7634724987348136     
                   22   5.0702338589527383        2.9150357578310300       -7.7953724527621020     
                   23   4.9761757262018644        2.1450526144080553       -7.9422750438773742     
                   24   4.9416637197240236        2.1422923555736331       -9.1794772324658780     
                   25   5.0233849775122108        2.2090576211015884       -6.8726775789871670     
                   26   5.0714065096437810        3.2787044722558085       -8.7366512924762709     
                   27   5.0558287322927864        2.9793791310279159       -8.3313227789730497     
                   28   5.1408947896634016        3.1179491159024364       -6.8254268398951430     
                   29   5.0972904678072926        2.9973685036441449       -7.3989488941640840     
                   30   5.2473826395563847        4.8661102719152902       -8.2108386921042644     
                   31   5.2042089162488239        4.1009596581508827       -7.6549268194230020     
                   32   5.1205218089799800        3.4795537296332295       -8.0468274829396638     
                   33   5.2050676120542283        4.7107461457259365       -8.7750552420278236     
                   34   5.0153639768579712        2.5975571821569239       -8.3095523127331443     
                   35   5.1134526253483070        2.9873571148542739       -7.0448633657580242     
                   36   4.7340717826715153       0.19481169990454317       -8.9832101278191896     
                   37   4.7912830715905699       0.58299714344159437       -7.3742792855873116     
                   38   5.0423441030685732        2.8446684761625480       -8.3062143323546263     
                   39   5.0963278826337479        3.1183811587160331       -7.7190094380718994     
                   40   5.1697792614528471        4.1919221335790802       -8.5166592922044799     
                   41   5.1381150066758963        3.7536646797082871       -8.2778629866387199     
                   42   5.1763758125558175        4.0755796407298464       -8.1442513126477500     
                   43   5.0809059763001994        2.7961332155753995       -7.2409038431370645     
                   44   4.9866703457304080        2.3117444282656887       -8.2159447137440562     
                   45   5.0431167146454348        2.7193496543807494       -7.9203239675641690     
                   46   4.9905568494004688        2.7377788107684244       -9.5870088008140026     
                   47   4.5694963046334029       -1.2631372911425383       -8.7795159092604980     
                   48   4.8575726121016647        1.2337759000539317       -8.4382450849859669     
                   49   4.9671064406292755        2.4293918771126304       -9.3304273581819501     
                   50   5.1044477279227607        3.3530939846690968       -8.1097689959154504     
                   51   5.0852164243927689        3.4266420543267135       -8.7611118944265414     
                   52   5.0617449580632137        2.5079634540022164       -6.8843576834417304     
                   53   5.1790656689561541        4.4163088697922674       -8.7661335531522173     
                   54   5.0867483805794320        3.6213246898170133       -9.2172190704346306     
                   55   5.0959663682106786        3.4693059440970169       -8.5966096427537018     
                   56   5.0788783904466417        3.3429706069880289       -8.7095101781917545     
                   57   5.0373326892162646        2.9573749042637827       -8.7785868891163368     
                   58   4.9401295036879187        1.5852346634765475       -6.8399463878389435     
                   59   5.0829248346082512        3.4715269074654289       -8.9361848239409856     
                   60   5.1016434635369388        2.8009303454113472       -6.8284779695886746     
                   61   5.1289290417275115        3.1245906422505954       -7.0623551501385267     
                   62   5.1128716030241543        2.9523730937048378       -6.9736336789322824     
                   63   4.9917689080255592        2.0068546479619789       -6.9953742228133313     
                   64   4.9469513700130872        1.9370116612200223       -8.1059721234653317     
                   65   5.1181654372262733        2.9412298090240006       -6.8461355233906502     
                   66   4.9698688673368299        2.2596056944163272       -8.5810562935087731     
                   67   4.7849608443787410       0.69099135444225623       -9.5047559013676217     
                   68   5.1229186548045558        2.9622644137799132       -6.8057185383495886     
                   69   5.0411502372269421        3.0871611465961641       -9.0495066044431436     
                   70   5.0936689533294928        2.6824497683115225       -6.6911087512111207     
                   71   5.0330443412691412        2.2767864049411202       -6.8553766385796608     
                   72   5.0402110427771500        3.0446824052151453       -8.9524937588724214     
                   73   5.0315447105301843        2.6498095845747383       -8.0187262554776506     
                   74   5.0172582897177147        2.9063938347121647       -9.2360418046809585     
                   75   5.0370293820674696        3.0248314700318586       -8.9878324779525247     
                   76   4.9456456340315365        1.8345756303044911       -7.7218892387247546     
                   77   4.9021225365983927        1.5822014692162274       -8.2387637836452647     
                   78   4.9872297467653279        2.7090127781162772       -9.6072216270179052     
                   79   4.9567686465572329        2.0615005596663374       -8.2670448123940350     
                   80   5.0905028788169453        2.9442325059511103       -7.4119577536619135     
                   81   4.9958098078524031        2.3362069648399788       -8.0209899631248245     
                   82   5.1882400464002654        4.5149876824770194       -8.7610337583145999     
                   83   5.0715028501347561        2.8620032440508214       -7.6240488935009756     
                   84   5.1836280892239195        4.0586503983638060       -7.9655457589309817     
                   85   5.1337921942500513        2.8759978460151370       -6.4159623991848580     
                   86   5.1140835183598012        3.1788988174085131       -7.4834227023962212     
                   87   4.9819882050631819        2.4478023988995981       -8.8583633131154222     
                   88   5.1129290646587409        3.4711645178256321       -8.1977294796867088     
                   89   5.0921098399446993        2.8177466688040416       -7.0604453241074161     
                   90   5.0343818152817530        2.9742876832344201       -8.9156621643817608     
                   91   5.0919347269802300        2.9826828654057995       -7.4775302855592614     
                   92   5.0658788393932905        3.1722121768942158       -8.5970506787373964     
                   93   4.9120723537786670        1.6101426185490659       -7.9560197724805830     
                   94   5.0112818450512231        2.3001701054534665       -7.4650893058051331     
                   95   4.9677644747382637        2.2195427892102866       -8.5015256639223029     
                   96   4.9979627285586767        2.7153419092707232       -9.2484805882325904     
                   97   5.0162097316683019        2.3215343660694381       -7.4045619105766862     
                   98   5.0173701712420096        2.3187041850374968       -7.3655825249316145     
                   99   5.1397083575618101        3.4280565039309985       -7.5278939433699454     
                  100   5.1604737689702098        3.1629515909438828       -6.5799534066671592     
                  101   5.0588243307028220        2.9887767513186070       -8.2792952197262668     
                  102   5.0862652527500689        3.5161398751473474       -8.9622156532292490     
                  103   5.1022408925244118        3.0592619884106518       -7.4456008256711490     
                  104   5.1648125239707747        3.7123521556551040       -7.6378360886840602     
                  105   5.2120129586920658        3.9202724599704664       -7.1824283992030891     
                  106   5.1930702948408003        3.8824156208169818       -7.4450353104411793     
                  107   5.1764667935040425        4.0815044810749681       -8.1542371087955416     
                  108   5.1340732855125308        3.5963517512663041       -8.0169364433633898     
                  109   5.1318199350224178        3.5476926189097839       -7.9564266915725543     
                  110   5.1128266041348773        3.0305719611358746       -7.1592401287822236     
                  111   5.0914165889262941        3.1688986109266706       -7.9563466080979701     
                  112   5.0901050453300503        2.9386769649825513       -7.4065589226106319     
                  113   5.1807239086537749        3.2708584559866529       -6.4657705362651443     
                  114   5.1136627185745267        3.8498761668897088       -9.0735739511131879     
                  115   5.2515330609077697        5.0983305550161830       -8.5218349775366811     
                  116   5.1859164227445564        3.9311372594455958       -7.6718364109285355     
                  117   5.2759952571374127        4.2006478744244271       -6.6467554199286951     
                  118   5.2204460262475898        4.8544314497737036       -8.7182811284753647     
                  119   5.1808026031726202        4.3884827807574514       -8.6733743641213561     
                  120   5.2038851740198293        4.4556488268925847       -8.3234685342339763     
                  121   5.1385508468398005        3.7069232855378473       -8.1653216526634811     
                  122   5.1622264252453931        4.0342163499874131       -8.3549300135587838     
                  123   5.1484680974800572        3.8826041678488581       -8.3317785593152305     
                  124   5.1110733973038140        3.6342484426290969       -8.6274325917838333     
                  125   5.1138840876812122        2.9899083964375062       -7.0424242649975266     
                  126   5.0987342104102487        2.7773798425486076       -6.8275686542870320     
                  127   5.1295892566546701        3.3684173883361463       -7.5998996504274876     
                  128   5.2010604124296353        3.6348788963905996       -6.8365552999943127     
                  129   5.2169758018676911        4.2171527317397501       -7.6359896951071011     
                  130   5.2025119589715274        4.4887264258297916       -8.4130054166905239     
                  131   5.2690858982392745        4.1670052585984934       -6.6955158001603712     
                  132   5.3233119979377284        5.6215123919321783       -8.0273645122366837     
                  133   5.2274550031577443        4.5212907090439112       -7.9877401829206383     
                  134   5.2498136407229072        4.0297629459158157       -6.7620925163289574     
                  135   5.1491554554780619        3.3446523465537452       -7.1645073699583737     
                  136   5.1651774126861323        3.9688204764773181       -8.1579244201569132     
                  137   5.1470320643482346        3.2781857330695088       -7.0612093054823450     
                  138   5.2499087983038324        4.1613055272927708       -6.9813151318617903     
                  139   5.1793062600053865        4.1114419979540306       -8.1561051421180348     
                  140   5.2178463796769146        4.7842963901702511       -8.6451226642995280     
                  141   5.1959411721864175        4.2605077861867642       -8.1131791865893099     
                  142   5.1123187194049153        3.8078397595434974       -9.0081525141533909     
                  143   5.1870642428508393        3.3067057319432096       -6.4350128438947376     
                  144   5.1732041404234090        4.0044096939388680       -8.0658540664421796     
                  145   5.1515123941031895        3.4274021394306331       -7.2968457204826551     
                  146   5.1869929911523549        3.4223695472971412       -6.6612678437707906     
                  147   5.4159471769706640        5.0079290997473054       -5.9028672353961351     
                  148   5.2365294582126731        4.5918392829058474       -7.9433586254555735     
                  149   5.3241413365512980        5.6957217223694654       -8.1189945990705024     
                  150   5.3358870255201172        4.4345469019697505       -6.1659171403252300     
                  151   5.1404802023790799        3.1758540071161825       -6.9598181762307130     
                  152   5.1504363742765005        3.2754573837486949       -6.9929034035697137     
                  153   5.1758972330271131        3.6407856092231512       -7.2841087588282720     
                  154   5.0944351437880044        2.6808589391066113       -6.6723344515696743     
                  155   5.3449272455763861        5.2094057149252810       -7.1068726814736607     
                  156   5.1619328090167400        3.3838271076362996       -7.0132211127703430     
                  157   5.3728260794619862        5.1908101023560054       -6.6822517253114970     
                  158   5.4326904004885348        4.9841127753645100       -5.6792447973299911     
                  159   5.3133310917792214        4.5468449223459526       -6.6326874127232109     
                  160   5.2480354519162837        5.0305222536358274       -8.4756393950623341     
                  161   5.2841790032574156        5.3458406465339658       -8.3074847908709213     
                  162   5.1997725575494318        4.1061706911820011       -7.7470238340554678     
                  163   5.2871239914589445        3.9448903563405109       -6.0909023313852781     
                  164   5.1856185897856744        4.4804236003899289       -8.7502201086202813     
