                    1   5.8943647266408163        7.0978064186272727       -2.9078071967580983     
                    2   1.0740878348879050        4.2694801957234718        7.8767422121204671     
                    3   4.0859014379963128       -4.6532628367076843       -6.4293898949427843     
                    4   5.9708651148736749        9.5137859800582927       -3.0718842737447392     
                    5   2.8602024469686853       -7.5108951318599972        2.1711000075711810     
                    6   4.0606876516562238       -5.9426597891479975       -7.7896432167436886     
                    7   2.1403246354291809       -5.2902471484724884        8.2620960793041469     
                    8  0.41914451977260114        8.7402200288032130        3.8941775175962690     
                    9   4.5011764530181040       -1.5338606649593358       -7.1538543540390167     
                   10  0.83409255480535194        4.8021906637341667        5.2942180943594064     
                   11   4.6400193733065294      -0.70718810397568088       -9.7548280503874416     
                   12   3.1974968261856134       -7.5548384120487420      -0.42278752495569544     
                   13   1.5158510005746848       0.51054469802043467        9.2825150639142926     
                   14   3.9759829896119072       -4.9497954693180812       -5.4602128319267615     
                   15   4.0998153585743466       -5.0431455722453240       -7.1762338916987911     
                   16   2.2087002382725132       -5.8208149748177256        7.8522687654556096     
                   17   4.1669767152611144       -4.4710691589295823       -7.3681458733972525     
                   18   3.7368220418765077       -8.0388484253087675       -5.4435550456435990     
                   19   2.6445355950606313       -6.4034535605703047        3.4737926218365036     
                   20   4.2939227890681195       -3.9359582631619578       -8.8501379873623023     
                   21   5.2412077429221426        3.9755730768469477       -6.8036278495072349     
                   22   4.0239869090439697       -6.0582455654815934       -7.3642761010015274     
                   23   3.7789781188173492       -6.9471697790883509       -5.1442945922067587     
                   24  0.37024641175156603        7.5290298967536904        2.9223678839520013     
                   25   3.9528702337742061       -5.8894098299063797       -6.2024089267880953     
                   26   3.5257266979587030       -8.5932524473096095       -3.4735149008206818     
                   27   5.2751363299705076        5.2831489710072619       -8.3755360099990526     
                   28   2.8851968206134302       -9.3790193325111808        2.4588599532772615     
                   29   2.9674596007851619       -7.0543203494912987        1.2409586821720464     
                   30   4.8240406515733980       0.82010645815346395       -7.3146758312535329     
                   31   4.8757078587109390        1.4401119315290456       -8.7392532808143670     
                   32   1.2534940416920790        2.6556203086051235        8.0865886010769401     
                   33   1.9067243670798462       -2.9721832405017263        8.5123340643719487     
                   34   5.2480490621235276        4.4460243150217851       -7.4906199496559536     
                   35   3.4299657735742244       -9.3811752519001725       -2.7828495642066340     
                   36   4.8460554964453877        1.0806169205641978       -8.0362200935987609     
                   37   4.6682781021722235      -0.31666547468379547       -7.1741954557509331     
                   38   2.1136410643075578       -4.3370412426175724        7.1888259587579828     
                   39   2.9586091916391410       -7.1383541187719235        1.3209771677380799     
                   40   3.5061950887705962       -8.6549183492749115       -3.3032924936739096     
                   41   4.8579813954254405        1.3375337165665939       -9.1218330241546557     
                   42   4.0516710659051114       -4.5189341277582038       -5.8139592733336167     
                   43   2.6334906397814848       -7.0349376541835884        3.9175423764161863     
                   44   3.5764780151025661       -6.8664120671727122       -3.1897729392528031     
                   45   4.5435195528796157       -1.2128681370090160       -7.1138814390752909     
                   46   5.1409991124607188        3.4867445319430019       -7.6306415862161776     
                   47   3.1847117148556663       -8.4000525253129332      -0.36242702188441089     
                   48   3.9360488479858304       -5.8682688350962380       -5.9755534789353888     
                   49   3.9566131433164173       -5.1841658386916061       -5.5007711392503236     
                   50   4.5949634503705283      -0.92339035416127035       -7.8274487073898831     
                   51   2.9795018645047548       -8.6075271440883672        1.4075495613758164     
                   52   5.5603438103567555        5.8350419899066814       -5.1471359746111576     
                   53   4.5626057750778273       -1.3698158130209588       -9.0768288254786906     
                   54   2.5089302397623214       -6.1726225753939552        4.5257696202863338     
                   55   2.3483047646593036       -5.1489225937837473        5.2308175942389328     
                   56   4.6220389178038772      -0.84805787794617649       -9.3608016827065281     
                   57   2.5678536368734513       -7.7697753113831141        5.0212670688287719     
                   58   1.8029708471864865       -2.1574705574731659        9.1248788468593194     
                   59   5.0445430710789196        2.5584456282654742       -7.4172148970566925     
                   60   3.5078435299317334       -7.5883304882376752       -2.9105517424178289     
                   61  0.35614457615093897        8.7260578089842760        3.2461593992015603     
                   62   4.0418623671500313       -5.6982226482784242       -7.1846409120667563     
                   63   3.7869553787127188       -5.9051384055775600       -4.4460545619694720     
                   64   5.2930020614952014        5.0320214599225643       -7.6702377405421256     
                   65   4.2961859008561873       -3.5577349256219453       -8.0486986876080824     
                   66   1.6371727378974015      -0.54162789998801408        8.1479582503554422     
                   67   4.0751982007443530       -5.1655321740797966       -6.9786907668279481     
                   68   1.9351054101865657       -2.9535854628444098        7.7454746845332281     
                   69   3.9360121472575429       -6.2579272324320288       -6.3718678763685004     
                   70   4.8329146473538458       0.85513975606165515       -7.0606954587180892     
                   71   2.8440093450445829       -6.8218623026764948        2.0921988629188721     
                   72   3.9690823724640723       -5.4486232978219604       -5.9277557819308493     
                   73   5.2279810590842999        4.1635339361465302       -7.3466750933141203     
                   74   2.0074671719409025       -3.6809169875784735        7.8867801642704567     
                   75   3.5358422956405207       -8.0451260596813690       -3.3470244605326451     
                   76  0.27779351121466789        9.4866107261199559        2.7052673613622886     
                   77   4.3922280026825433       -2.2835454607924901       -6.8871090478466463     
                   78   1.9001511224140017       -2.3046425523131693        6.7425826222161742     
                   79   2.8553806631493330       -6.8793545410574168        2.0245396416896364     
                   80   1.0102782151439555        4.0885593266458589        6.5138517683721737     
                   81   3.9882572754600005       -6.1165668539166802       -6.9160283369630307     
                   82   4.0502497403159623       -5.2934692319318666       -6.7905175559683286     
                   83   1.0092154072738708        5.0194232891369044        7.9780513460843823     
                   84   4.1251106165360056       -5.4946983288184912       -8.2549948666493460     
                   85   4.3286279556343743       -3.6571772267971241       -9.0573437851354441     
                   86   1.9649644644608202       -3.4134997364291704        8.2067963663607006     
                   87  0.63930992939430098        6.3453903260522031        4.7176185435345719     
                   88   4.2564017247098604       -3.8815926108858840       -7.9141732731379575     
                   89   4.6968332079588890      -0.12224601825109765       -7.8579291531471043     
                   90   2.7343671190602095       -8.8569273476213670        3.8203168854455041     
                   91   2.7679280291381474       -7.9857881299413060        3.1311085704043928     
                   92   4.0922423845199773       -4.2466597049532000       -5.9466171136496975     
                   93   1.8330418447733337       -2.1838592250267004        8.1357534271311618     
                   94   3.5211795320269630       -7.4963119193694920       -2.9905320005314708     
                   95   3.8984045725040914       -6.1975273246431479       -5.8529554154513592     
                   96   4.2243613419981330       -4.2661017452488483       -8.0362495382374117     
                   97   1.1639339766658168        3.1481486227167221        7.3058841144464752     
                   98   2.0472863211032291       -3.7696463738498531        7.3032853136778098     
                   99   4.4162668087741395       -2.7866055039600011       -9.1336436815064932     
                  100   2.2947093447261295       -6.1634952304746013        6.9721623384189133     
                  101   4.1407048525150003       -5.2276896718620067       -8.1257678831021867     
                  102   2.0817972859971405       -4.2223378400226048        7.5308305704722054     
                  103   4.3986198962742833       -2.6665617001078536       -8.2177417996524227     
                  104   4.5507527793964755       -1.2547459968146337       -7.6950561516799221     
                  105   3.2000669943237199       -9.1291052750181194      -0.53442766500822980     
                  106   5.6248545270007071        6.1966642102531848       -4.7927090215313699     
                  107   2.9311880901832410       -6.8850835031106028        1.4704157740400321     
                  108   5.6557445983166303        6.7704555416680154       -4.9099491864188236     
                  109   4.6026584881824988      -0.78409187270840808       -7.1169125537051148     
                  110  0.76544953645395708        5.7448263794226930        5.5200772066323935     
                  111   2.7628697806917444       -7.7064936183387021        3.0666651025428604     
                  112   5.0759603461384017        3.1501845762608465       -8.2793768176805198     
                  113   3.3243060633873256       -9.7372954195947941       -1.7992007710450946     
                  114   3.2141259309684642       -7.1445427176793821      -0.51912780849552087     
                  115   3.5901507511024420       -6.9454202874240210       -3.3426775892202105     
                  116  0.90848300018001282        5.1070973029014546        6.5490860819390440     
                  117   4.3097491469563920       -3.2111872811113051       -7.5396192004869809     
                  118   4.2387417188933796E-003   7.4648609773001731        3.1641807152507501E-002
                  119   3.2092017564667685       -8.9244829528197211      -0.60429731260172281     
                  120  0.37538442055193855        9.2468363184492492        3.6439065814860085     
                  121   3.0254415023935053       -7.0150551201972595       0.81849082044279675     
                  122   3.7481098693197055       -7.5424957526350056       -5.2325864307093282     
                  123   4.2929888922697046       -3.8017999003107521       -8.5270218973048895     
                  124   3.2600136332199554       -7.7596352512084650      -0.92322326398695020     
                  125   5.2155291653995164        3.4227245511349098       -6.2187612488110542     
                  126   3.6642555932312462       -7.2204527886008698       -4.1597256780251879     
                  127   2.7427486702727037       -8.4922128331852491        3.5788836521801808     
                  128   4.6334784967220344      -0.66395960476528926       -8.3966144010458645     
                  129   4.5121054761114010       -1.5549592565936630       -7.6597013678310155     
                  130   1.1067394380419273        3.8762972767965067        7.7446685910786108     
                  131   6.1056823231566568        8.9037639804903197       -1.5972550875045592     
                  132   4.4063762934762281       -2.6332020117905501       -8.3345888995588293     
                  133   3.8051025128828542       -7.5725199503778953       -5.9197741685261320     
                  134   4.2688479489136171       -3.1056866604885132       -6.5367241992706813     
                  135   1.8361250749921965       -2.3193252310569932        8.5352294379842579     
                  136   4.8686141928168354        1.1444030386415494       -7.2656494813709207     
                  137   3.8623137090010005       -6.9126475004180907       -6.0716854514360499     
                  138   2.8768455403547364       -7.6713873657809994        2.0797979723906228     
                  139   3.4812462157671007       -7.9439664139761046       -2.8069777989268094     
                  140   5.6272335958182680        6.9913639338130835       -5.3808226015739207     
                  141   2.8594952602342687       -7.2519009755336485        2.1017932304912637     
                  142   4.9615761818813553        2.1407924171647310       -8.4125411632359963     
                  143   5.1940776481168314        4.0819454509067050       -7.8084638133949058     
                  144   2.3189294893080614       -5.7815699835218712        6.2293647785111936     
                  145   4.4833157640427999       -1.9820552696849221       -8.5006194227010514     
                  146   5.0194131582349542        2.5066373839958094       -7.9061401488840755     
                  147   3.4692031922872957       -7.2972154897559705       -2.4800115526432189     
                  148   4.3049092776482212       -3.4002287266452784       -7.8774993381644105     
                  149   3.3706827209850871       -8.2614370412761886       -1.9264328580504513     
                  150   4.0517302720385260       -5.2518076478339664       -6.7576835975267917     
                  151  0.31381194981975113        9.1492164045379205        2.9692478711500425     
                  152   3.6780479089010214       -6.3398854510263858       -3.7698315117041723     
                  153   3.8917432056753114       -5.8342473178336149       -5.4368050383571314     
                  154   3.4953907160792141       -6.9820565962542345       -2.5787432143700517     
                  155   5.9721394849161697        8.9817775931007624       -2.8874710733965143     
                  156   4.9313554127377301        1.7394238652226468       -7.8164261731404387     
                  157   2.7023035862598590       -8.0370877774280061        3.7767265472753926     
                  158   2.9192111349641436       -9.3687809472733594        2.1184815518423261     
                  159   3.3964608316130125       -7.7639772864903911       -2.0227800352749701     
                  160   4.4705154544664083       -1.7645472346775943       -7.1525064588782774     
                  161   4.0681098085949543       -5.4101833139749580       -7.2018969135119875     
                  162   3.3902934519344399       -9.3184177278317808       -2.3664911130817825     
                  163   1.7959773863447026       -2.1280192745744255        9.2899862777763254     
                  164   3.8374190149808101       -6.2046292527050024       -5.1819742382037717     
                  165   4.9203887775213389        1.8154248955528283       -8.6017789389650030     
                  166   4.3815733149380094       -2.7428103074159127       -7.9863684606445196     
                  167   1.6911917972873880       -1.1836838405248904        9.7840816459888593     
                  168   5.7747433443300906        8.7207648644790439       -4.8602128604022159     
                  169   3.7722432238317651       -7.1827380497369724       -5.2442005208726723     
                  170   3.6737382472990703       -7.8492019766200354       -4.6216322446623783     
                  171   3.8525397356297617       -6.7710311274064292       -5.8310548085146072     
                  172   3.7527087492954934       -8.0312478019368143       -5.6265432663829946     
                  173   5.4346031026975652        4.9341640053676628       -5.6006855780131328     
                  174   3.3008214463977765       -8.4183950418342555       -1.3518954711295204     
                  175   3.4102496885913069       -9.3005246039103699       -2.5605538672737262     
                  176   4.0627513620030413       -5.3001389055101349       -6.9772385410054953     
                  177  0.84137272406940156        5.3431448218882087        5.9774741150851991     
                  178   3.1596491750427163       -7.9352582129922906      -0.14329873410520802     
                  179   5.4057292914709478        5.0062309693288549       -6.0245822975959245     
                  180  0.65245386290666829        6.1353478426935784        4.6879187894204133     
                  181   4.1105735418702807       -5.5110097959008897       -8.0241227835262148     
                  182  0.55225940249090399        7.1616531511890553        4.4131412880121310     
                  183   4.3817869458178507       -3.1453718135623912       -9.1648984115910039     
                  184   3.5168970099235821       -8.2104692115926419       -3.2347453222568539     
                  185   2.7911305947877736       -8.4085603511016878        3.0737678141974571     
                  186   3.8625886626109036       -5.6126197031162155       -4.9325477125111785     
                  187   1.3933951132827929        1.6279663244293181        9.0802782065214593     
                  188   3.7278572056276289       -5.8715015970797344       -3.8996109279052149     
                  189   5.2485661726080934        5.0926881175526981       -8.5700131671978674     
                  190   5.8789723010888792        7.3812296517821272       -3.1574553809937767     
                  191   4.9565600509905039        2.3941555946209538       -9.6095984471501747     
                  192   4.4372634867644365       -2.0438868619447077       -7.2405311958892247     
                  193   1.2980171412508525        1.9717990620777006        7.0483696574464831     
                  194   5.1892810882971503        4.3088520296788868       -8.3397086927267399     
                  195   4.1728538413779006       -3.7348536803775265       -6.2372524045062629     
                  196   4.0559149996022370       -4.4546112244787190       -5.7816770700840170     
                  197   1.4194265571156848        1.1725803871460323        7.6872084624525989     
                  198   3.7839368657667478       -6.5064988101030847       -4.8681228197635242     
                  199   5.6991470187776940        7.7260715470674182       -5.1065894644703089     
                  200   3.6696075681669527       -6.4939859026811648       -3.7876402937824181     
                  201   1.8057557115089367       -1.7288329642560702        7.2221049000035782     
                  202   5.4019164686754948        4.7347839982568418       -5.7423197135282695     
                  203   3.2297122765347694       -7.9533339767825666      -0.70266447920723996     
                  204   3.7562019141848850       -6.7023063847879900       -4.7305006604609732     
                  205   2.9457241903919567       -8.3491419911944433        1.6565724918910807     
                  206   3.6911866612116455       -6.1851887406546853       -3.7887172498824189     
                  207   5.2497759240544610        4.6099015652453872       -7.7362502535008142     
                  208   3.8702386551952941       -7.1084191931260889       -6.3441368445849253     
                  209   5.8824273281989008        8.1951678747730945       -3.4721858960346710     
                  210   4.4538974776414761       -2.3073021715486211       -8.7263298887041074     
                  211   1.5828920800931883       -9.7712638908889801E-002   8.0778659333643006     
                  212   2.9914310541938676       -8.1991677586180174        1.2405382857770344     
                  213   4.3697161007908107       -2.5708435860166809       -7.2063481900008322     
                  214   3.6715463127914063       -7.3444442654952766       -4.3027776673975673     
                  215   3.3484860857817011       -7.9608259000757036       -1.6709525561042466     
                  216   5.8485375927010637        8.8460208024416573       -4.1068391423659447     
                  217   4.0913954652152142       -4.3528686272033648       -6.0844396140930410     
                  218   1.7890982016763246       -1.6768101534962128        7.5587468849341475     
                  219   6.1111105161190835        8.2015576940102441       -1.4253775254440446     
                  220   5.2012824894399046        3.7759792846416982       -7.0981364666086204     
                  221   2.0582230411615683       -3.7138112834300991        7.0060373902506257     
                  222   3.6102696957440230       -8.6382043313460191       -4.3735461249201606     
                  223  0.68465956764049452        6.9762341648566615        5.6953779933692417     
                  224   1.1267146745848322        3.0596006021939872        6.4307526315553440     
                  225  0.86202023251041737        4.8118868070842273        5.6121660497001811     
                  226   5.9755041020879389        9.1789226487278963       -2.9168107796473497     
                  227   3.9272855024437376       -6.6272898088902084       -6.6311968922092648     
                  228   1.8749023921361641       -2.6114336559854014        8.3208820117624036     
                  229   3.6736308464123226       -7.4476879230006983       -4.3841425058807317     
                  230   4.0685464905641879       -4.7999029535785258       -6.3953210204479989     
                  231   5.5400048343809658        6.4409210607693783       -5.9188114689599169     
                  232   2.9285827054673632       -8.8204596366100070        1.9077874739872480     
                  233  0.60625523251314917        7.7591571616606130        5.3798841449424435     
                  234   6.2544315680344766        7.5922528192437628      -0.21836584039449991     
                  235   4.4395511014381555       -2.3355427771801947       -8.3467153873527931     
                  236   2.0220845819636679       -3.1970347412104370        6.5966538390802301     
                  237   4.2681305251720119       -3.2882740550218275       -6.9082362369056209     
                  238   2.4411552322152943       -6.6929496808012621        5.6424002441327659     
                  239   3.3499992655986262       -9.7204681751529751       -2.0556577168192702     
                  240   4.4238428537759091       -2.7303641252230286       -9.1984062265126347     
                  241   1.3232948893472667        2.0118900935152269        7.9621379396460021     
                  242   4.5141944934794083       -1.9423050734047576       -9.6713401219737865     
                  243   2.4135247921718133       -6.0850862685788671        5.4245135606505324     
                  244   4.8134757287010643       0.83646677610068565       -8.2465376851398293     
                  245   6.2415675423095536        9.8767397394726331      -0.41128531356204012     
                  246  0.26500080754817645        7.3644590116929800        1.9985920837373663     
                  247   1.4044324066477429        1.4639718173087120        8.7184813638742220     
                  248   4.3238109803838825       -3.0307985635859604       -7.4031407690689575     
                  249   4.3861871054610901       -2.5485590790476711       -7.5337269442215256     
                  250   2.9352449629017201       -7.6844038776642618        1.6085544771563476     
                  251   2.3582323986090046       -5.9063490263235998        5.8823247555441016     
                  252   4.6000587420484180       -1.0171151896106603       -9.0165710244455965     
                  253   3.5813624762697600       -8.3794998632627937       -3.9425493666088851     
                  254   4.1867870740141484       -4.9378528128439862       -8.5131840358471180     
                  255   1.2120702034601436        2.7931831369269302        7.4494977323487284     
                  256   3.9617528989629136       -5.8643672012146473       -6.2869422435152238     
                  257  0.87774908072731250        6.1144487700959385        7.3626187574830366     
                  258   3.9466884519782752       -6.4488128669939462       -6.7080045773774621     
                  259   3.2232018855628439       -8.6464926736150485      -0.70720433324142340     
                  260   4.3504819683404321       -3.0701476786864119       -8.1096058683749010     
                  261   3.3242049121029140       -7.1579753196111779       -1.3218602719166659     
                  262   4.3678389430442621       -3.2339245868138313       -9.0115465454131272     
                  263   3.1798631841046472       -9.0990704874401853      -0.34839636235197846     
                  264  0.46445489956340680        8.0388266922754461        4.0275287097827608     
                  265   3.4498734933176820       -7.0161690795236806       -2.2341796541624128     
                  266   3.9175296693866812       -6.3539909938522818       -6.2348822519880320     
                  267   4.8851325458430210        1.6203622405298281       -9.2866712300030088     
                  268   2.7199162571616284       -8.8656496228675987        3.9769953951121875     
                  269   4.3269774872026119       -3.5631356945488277       -8.7826607127851712     
                  270   4.2931631792731082       -3.8003195227538340       -8.5276974526542837     
                  271   1.9217237460176761       -2.9790218497812839        8.1376286909601472     
                  272   4.4385752969004102       -2.0206190166230877       -7.1941871400494097     
                  273   2.0960908045647670       -4.4517882732094813        7.6806162429231781     
                  274   2.6776891002700722       -7.3182714285688002        3.6614773514954266     
                  275   4.1178861732661858       -3.9247349922010257       -5.8049893367635574     
                  276   4.6900184455510612      -0.15758162143528820       -7.0429846658081257     
                  277   1.7070670719468808       -1.0826477413627775        7.8955900778727051     
                  278   4.5196441528089508       -1.7218660817762348       -8.8224951997300440     
                  279   3.1471369196896148       -8.1076900185300129       -4.4951651506447636E-002
                  280   4.3256506980088716       -3.1174527984534905       -7.6549403721945364     
                  281   2.3362417649421445       -6.8428113556688155        7.1214738828926372     
                  282   4.4006907408232792       -2.3351934662831026       -7.2476289972211925     
                  283   4.6824862402555141      -0.29462613871195931       -9.8498771864953856     
                  284   5.6327534167305089        7.1999876904903415       -5.4783706083771611     
                  285   4.3967097765386711       -2.2139210826720013       -6.7786735310605852     
                  286   4.6310791551540547      -0.61191219442633660       -7.5090936277048188     
                  287   1.0822781552197966        4.5375245357409204        8.5374262438216650     
                  288   2.4835477874966045       -6.7491477214415454        5.2169350696193879     
                  289   4.7083012630812391       -4.0200934925592166E-002  -9.8345135021445405     
                  290   4.0515119361598408       -4.7138821043103381       -6.0627835973060513     
                  291   4.9678326243313222        2.0716148647293586       -7.9327047239442514     
                  292   2.3146362096160829       -6.4422663682217260        7.0012788512012412     
                  293   2.0811044642749721       -4.3893882872372023        7.8415073366696122     
                  294   2.8494334398026240       -7.1482948829699025        2.1499626187229581     
                  295   4.1416720991231841       -4.7587477566217729       -7.4126057320458818     
                  296   3.7711993748442865       -7.3401324967899937       -5.3473786638233518     
                  297   6.1872267074775209        9.0126510237171598      -0.86750568722070598     
                  298   1.1811636680504307        3.2470530514979608        7.9075763542070856     
                  299   3.5667228108379732       -7.0573723616104287       -3.1951546163426672     
                  300   5.2618554208719388        3.6807549976842884       -6.0106585962127665     
                  301   4.3808123738065206       -3.1058904243533405       -9.0212143224965633     
                  302   3.3075427912957025       -7.2980324208698448       -1.2223510989334172     
                  303   6.2802970679019836        8.4893570641433058       -2.4519362693862717E-002
                  304   3.8288688313240300       -7.4875300389380435       -6.1455185459084882     
                  305   3.3277481626006420       -7.1418382438392021       -1.3450657941279645     
                  306   4.9088467669370175        1.4619982994266829       -7.3458060343383798     
                  307   4.7431394027595388       0.28597963735218013       -9.2970915488949863     
                  308   5.3914654085127722        4.7579522918308133       -5.8948656167980431     
                  309   4.2448223729087431       -3.7851948849559909       -7.4967953609852778     
                  310   2.3364487195752304       -5.5624629085002439        5.7865877894861706     
                  311   5.0760651364171281        2.4907113721528225       -6.5440731053805985     
                  312   1.4174402557619032        1.2918508986320525        8.3577238895759773     
                  313   4.1607214650289279       -4.7059536548277867       -7.6469599733954947     
                  314   2.2885080565536668       -4.6825492221336553        5.3635759558390559     
                  315   3.2746725128622529       -8.2063359101159321       -1.0985911391042844     
                  316   2.1074454842043338       -3.6052183338284181        6.0603731850787952     
                  317   4.2055266077583724       -3.4676529855426041       -6.2452486599362036     
                  318  0.68418736486387388        7.6628603704443652        6.2499099045482556     
                  319   4.8052000816642249       0.77595683129915494       -8.3365840415969306     
                  320   1.5257332944038922       0.36299805089042864        8.0498867428269918     
                  321   4.4637423321896676       -2.2595023080932322       -8.8991529483797223     
                  322   3.7187468510927602       -6.3040313007038682       -4.1046093490501949     
                  323   2.4000335565023079       -5.9416528605658527        5.4422722576221583     
                  324   4.8385849574132180       0.96197161998408309       -7.5823303599033753     
                  325   3.5086476160556685       -9.2088551149977391       -3.5406108070110940     
                  326   5.7082024446781929        7.8390671335185642       -5.0798813791662196     
                  327   4.0053004677028525       -6.0882366640994716       -7.1250878186216182     
                  328  0.55170209694483674        7.4789505281014454        4.6029169152167286     
                  329   2.0715706200219870       -4.1441638530653915        7.5719003353649157     
                  330   3.4615845495739563       -7.7913042905617420       -2.5818856200436584     
                  331   5.8996480633220472        7.1592293776122400       -2.8888928381470449     
                  332   3.0082998080247307       -7.4419105081725085       0.99787015370485432     
                  333   3.5523101148205569       -8.8311757874088919       -3.8458398502936291     
                  334   4.4945835249992001       -1.5743837581388966       -7.1137282492964697     
                  335   4.7669048557911538       0.39181420805202094       -7.1800365206446450     
                  336  0.52405948236861377        8.2722295035461393        4.7810567125124752     
                  337   3.8039471069928936       -5.9701402430504400       -4.6560195895849121     
                  338   4.0451078870249830       -6.0613763505416109       -7.6936816875169018     
                  339  0.22933168515521629        8.8224742560418434        2.0595053206793579     
                  340   1.5702535052441817        5.4078237526284179E-003   9.9624328001687719     
                  341   3.2440681905650308       -7.0899219309654358      -0.72909748700079557     
                  342   4.0145054152389434       -5.3643888465908862       -6.3962522538666233     
                  343   4.9870735000005197        1.9978558413760086       -7.0894207490995242     
                  344   3.3881339030411937       -6.8765581445454060       -1.7305607988080716     
                  345   3.2909393598192764       -8.2487474561478109       -1.2411648421058519     
                  346   3.7397891988808851       -7.7092236530707723       -5.2537782441897578     
                  347   5.4824125244853121        5.4506652341674524       -5.6208997442248121     
                  348   3.0773015452343770       -7.4466978481891877       0.47941717278282908     
                  349  0.60140284562260149        7.8068736341106160        5.3570628387538468     
                  350   3.9733251293441754       -4.9742136394114809       -5.4579258543248654     
                  351   5.0765992962537894        2.7923825641111737       -7.3249096350563008     
                  352   4.5526264863234474       -1.1958396683771109       -7.4213168430187872     
                  353   3.6862505111317887       -7.3746421653485745       -4.4674025915977564     
                  354  0.72749338110429562        6.0577740534725777        5.3939238578972972     
                  355   4.3983675865651435       -2.4657320180411819       -7.5923043976171547     
                  356   3.1797445443462493       -7.4100344359509531      -0.28284407043043491     
                  357   2.5983337596169918       -8.2222391723766375        4.9651485699707649     
                  358  0.20883225842339925        7.5572732356949546        1.6015521251809088     
                  359   2.9344772455712587       -7.3124953933070049        1.5365647913915490     
                  360   3.8312279501319608       -7.1476759715646629       -5.8948538974559384     
                  361   2.3578757622382227       -5.8499048698125202        5.8302673043420610     
                  362   1.7901096257144218       -1.5592391806807584        6.9952881510903406     
                  363   4.4514760466638563       -2.3857512427070819       -8.9354206969794774     
                  364   3.9312893669518871       -6.6905834661970731       -6.7483517565291766     
                  365   2.5121957426497374       -7.4065831328214049        5.3934104289433895     
                  366   3.2361479846472321       -8.1445283172308613      -0.77241191506889872     
                  367   3.2827796179232678       -7.1771038510765264       -1.0201006771540140     
                  368   3.7317558480673370       -5.9579416317237328       -3.9905818013383083     
                  369   4.2683010916830426       -3.0407019797286026       -6.3909282516860486     
                  370   1.1433283520240138        3.3964908271928125        7.4556392063375538     
                  371   3.2432301325597450       -8.1822573304757729      -0.83449949743401353     
                  372   3.2130905536013188       -8.0655808550359573      -0.57765674653559351     
                  373   4.1581040065963748       -4.0124667999192036       -6.4820033393444367     
                  374   5.9478465173073687        8.5394540449719933       -2.9760083332430547     
                  375   5.0637038902779636        3.2776522984555023       -8.9426451857973124     
                  376  0.92719575416049338        4.5702034467705523        6.0923420687089775     
                  377   3.8238447005373928       -7.2366137817058762       -5.8789737458471070     
                  378   1.9161502520070712       -2.4534319286355752        6.8194033531661979     
                  379   3.0416490713746498       -9.2079104115247077       0.92334795506462197     
                  380   3.0862864912717782       -9.5829695873676606       0.53053831366597393     
                  381   4.8132120177246520       0.72574602826175050       -7.1738090900233420     
                  382   3.7782959648561700       -7.7479781392748546       -5.7291041888862742     
                  383   5.0735535468284070        2.4991529709583529       -6.6161891977094518     
                  384   5.3143612425801052        4.2439100128740570       -6.1771282087732304     
                  385   6.1061832168559249        8.6189883329571604       -1.5417131712691856     
                  386   3.5476495184235546       -8.2384476459777805       -3.5421303749532527     
                  387   3.6321646179382583       -7.1019797883155249       -3.7933311822541405     
                  388   5.6282159820769664        6.9694086826171793       -5.3530310091960986     
                  389   3.7016495238436846       -7.4556297834868932       -4.6748943121661508     
                  390   3.6636641389550277       -7.4085062214407849       -4.2622297552915391     
                  391   2.9668576073674160       -6.9232542518016116        1.2221994125895201     
                  392   3.7660071203874850       -6.3617573946137709       -4.5842473272737267     
                  393  0.16811145858679311        8.9979181577083747        1.5270660294156697     
                  394   5.5303708536597469        5.8000561289557400       -5.4338831142938258     
                  395   1.4734570382795482       0.71518819118455701        7.3241543704727352     
                  396  0.20411367751313492        9.2207275166357476        1.9086569226181729     
                  397   3.9625960648459682       -6.7203672509506394       -7.2168138433520408     
                  398   3.1694826116821559       -9.0636360466406192      -0.25284999267410441     
                  399   3.9808929471263355       -6.1443747601838208       -6.8452205009071694     
                  400   2.6409568240677004       -6.1870572520923863        3.3851145332769899     
                  401   4.8744146259896297        1.1861506606380687       -7.2565840613069907     
                  402   4.2651479248214628       -3.2112257334834164       -6.6948395393376687     
                  403   4.6359101814518340      -0.56068775272711902       -7.3169842958838291     
                  404  0.27121080338946513        8.0250485847944528        2.2314620100006981     
                  405   4.8994008665722504        1.6575338074137247       -8.7596858900574368     
                  406   3.2246744943796557       -8.2896241608016208      -0.69030626700987419     
                  407   1.8774691785168898       -2.5204352728082022        7.9593651821796341     
                  408   6.0235170273682570        7.4428694871186893       -1.9773201776056777     
                  409   3.6329649410902221       -8.3627681215546108       -4.4753533085855706     
                  410   3.2933334387773812       -8.6895256687976801       -1.3287695612120480     
                  411   2.7842620125161375       -6.5584337049655090        2.4486460002486941     
                  412   2.2083389683471069       -4.5801919749567546        6.1833387566903584     
                  413   2.3851297252110157       -5.9725893917605628        5.6365815237611825     
                  414   2.5908727066959045       -6.1181556457106234        3.7571362822494687     
                  415   6.2792468758642599        7.5253841628342562       -2.9638361889521240E-002
                  416   3.8583364358875087       -6.0241717289852064       -5.2490007625215709     
                  417   2.5859743510422959       -7.2870516860101180        4.5242551310955204     
                  418   4.6895496597876445      -0.22442139858018342       -9.8243892274928530     
                  419   4.3693371032361483       -2.8701898213914490       -8.0358227313247070     
                  420   3.8185437020664494       -7.6934533169186867       -6.1826975831737121     
                  421   3.5971371444293823       -6.6549393372846168       -3.2603330076178594     
                  422   4.1918036421492388       -3.6370554485254076       -6.3436351370570625     
                  423   1.8287698071470686       -1.9269301332522499        7.3030504276443953     
                  424   6.1941287637906726        9.9552959009297801      -0.88893555427989523     
                  425   3.1361499139565012       -7.5359483950392967        4.1016610022273248E-002
                  426   4.2123917039163530       -3.8452244163532590       -7.0386816445360356     
                  427   2.0728611548415756       -3.9255429277271019        7.1505260777432813     
                  428   3.0382532588689628       -8.4551379872474666       0.87687244891095495     
                  429   3.6919622992319319       -8.2710440109002974       -5.0752277653302169     
                  430   4.6261875383063966      -0.84759422025146769       -9.8083484013930011     
                  431   3.4505433277308839       -8.9740690541859607       -2.8642616656393884     
                  432   4.6676139949707363      -0.38447795623705999       -8.5811527267590453     
                  433   1.3342031536848253        1.6530237291205385        6.8559231459154857     
                  434   4.4452359174239291       -2.6142398980685257       -9.5516349159496521     
                  435   2.7561105816586178       -9.1136175011698910        3.6981543698329720     
                  436   1.4860937808484778       0.71821689556928259        8.4589954724342373     
                  437   3.1141262134156023       -9.3476701278031999       0.25681180564707773     
                  438   2.9522075808106081       -9.6314443400346139        1.8461768389615714     
                  439   5.3106387350138107        4.9832769678587923       -7.3114628421561489     
                  440   4.1373861799532961       -4.3616431211189362       -6.7304169134369358     
                  441   5.3557438744157082        5.1587836853167559       -6.8804739065761096     
                  442   1.5502841285594968       0.16256578034848848        7.9242106564052461     
                  443   2.8896590226897843       -8.8597440476995484        2.2805215422082012     
                  444   5.3300465418890326        5.7194414656314665       -8.0512580648485894     
                  445   4.8061595079329891       0.79790691043853601       -8.4841891955435180     
                  446   1.4054971114018713        1.4157053449619681        8.4863538409844832     
                  447   4.5626360012817031       -1.2038767644927655       -7.9788991596797185     
                  448   3.8987322005106080       -5.1982490390897755       -4.9124583596909961     
                  449   1.2659750457770542        2.5922069094424058        8.2389893915866068     
                  450   2.6854269786931013       -7.8798095996757107        3.8664828287475359     
                  451   4.5912705466361672       -1.0107269562787968       -8.3041015274266599     
                  452   3.1344115486665487       -7.3634312338417480        5.2878481239001046E-002
                  453   3.7616237919276045       -6.7071029274833949       -4.7885764863248408     
                  454   3.5197826969847483       -9.2009823126782333       -3.6556932131524502     
                  455   4.1143243974418056       -4.8127157172540569       -7.0640257742566881     
                  456   1.7496497933584578       -1.4489373607625400        8.0146867266324033     
                  457   1.4840334919504130       0.85727687472048408        9.8558865975100947     
                  458   4.1554352217637813       -3.7357912102616675       -5.9992086736266641     
                  459   4.3536031702977596       -2.6545248213994053       -7.0784068926321764     
                  460  0.84391610088391644        6.0635016706812301        6.8181722766852113     
                  461   3.6880888376477401       -8.2480604967578177       -5.0172509441312290     
                  462   4.3827560225937532       -3.0500464008527302       -8.9152713467686784     
                  463   3.0282434608433277       -9.0591711259748688        1.0312701214433115     
                  464   1.1397594798127670        3.0366258070739005        6.6031325108065158     
                  465   3.6083497573541763       -7.8502938012262842       -3.9557075725688464     
                  466   4.0360131879142500       -5.5880020333975491       -6.9616404249700654     
                  467  0.78024393969099037        5.8843847259260773        5.8240363699423625     
                  468   2.8641764870473025       -8.6179243045899945        2.4540307515249675     
                  469   3.4574873599137845       -9.1769413829859978       -2.9993863550349964     
                  470   2.1336425162810428       -4.0117037506529050        6.3584825576790394     
                  471   4.2311594677534003       -3.5501782003230087       -6.7988335666321147     
                  472   3.3565348553521517       -8.3570607641624424       -1.8244688741655497     
                  473   1.0188998225048636        5.0595398405247662        8.2173051825053651     
                  474   4.8694686819568460        1.3514407114623295       -8.5326570344245702     
                  475   3.4888036294256608       -7.2422438964967490       -2.6207584120658014     
                  476   6.0580380647934362E-003   7.7593373956332421        4.7006936350510627E-002
                  477   2.2642863567525637       -6.1417886114929443        7.3888805789288456     
                  478  0.65268653468154980        7.9218310482491754        6.0558611458651992     
                  479   3.8966579002820367       -6.1903136983906490       -5.8257205078172163     
                  480   2.5853389006289262       -8.1038813064708410        5.0385312406544633     
                  481   3.8784162787223977       -6.9055214197031605       -6.2652534641898265     
                  482   1.9208081426098147       -3.2333858997280092        8.8575750663415036     
                  483   4.6308396044747724      -0.72118519902768752       -8.8239276178378212     
                  484   4.2007511537557889       -4.0579812465516953       -7.2268958509129941     
                  485   4.3860495818162804       -3.0859601681934725       -9.1181926383187317     
                  486   4.7801329959390841       0.49729632453473993       -7.3295825217375379     
                  487   1.3468104057427013        1.8215199602263603        7.9958413456703097     
                  488   2.9147548109972377       -9.4364610252160617        2.1780324219642950     
                  489   1.2801569347975601        2.0289946319329695        6.7834566638528058     
                  490   2.4284883830152921       -6.4248434015337788        5.5571091688771119     
                  491   4.0999943747917769       -5.5666433590353765       -7.9241694767168607     
                  492   4.1821017969275545       -4.4515627192697149       -7.5925994797364256     
                  493   3.5906903754082578       -8.4313970633563144       -4.0634505384189996     
                  494   2.7614660778227744       -7.9890119082206468        3.1920855822888723     
                  495   2.0284487839646204       -3.9948697994602673        8.1109435785084187     
                  496   5.1819116373152383        4.3256866820494722       -8.5257795752176033     
                  497   5.1666938239188767        3.9392085222767323       -8.0659420110670368     
                  498   4.3735425683895528       -2.7244036574915822       -7.7301320770644191     
                  499   3.8015591988111055       -7.8151494076569508       -6.0649569227185198     
                  500   2.8389954681800873       -8.9870076015622988        2.8056022401730654     
                  501   3.1756718433015294       -9.5233071716983169      -0.32467229203143316     
                  502   1.4581332016002193       0.89400997886668332        7.9016468118630545     
                  503   4.0269128428856220       -4.9952858817566588       -6.1085067575820426     
                  504   4.1273003537321529       -5.2498745176672923       -7.9247487329500022     
                  505   4.7593645326337821       0.36762730725438086       -7.8201710288785176     
                  506   1.9007611496690515       -2.6573915292709858        7.7591344286969131     
                  507  0.62024999151731208        6.1875619638431498        4.4196918409901373     
                  508   1.8087181921806632       -2.1559685495197534        8.8900335241522477     
                  509   3.2097600783959024       -9.0270732382612202      -0.61630725044004564     
                  510   3.0506065084976512       -8.1483433972644175       0.74343900234897797     
                  511   4.2731622197222805       -3.6133686065880637       -7.6906976997776235     
                  512   2.0787819714586533       -3.4147930172408247        6.1338032482837086     
                  513   4.7923299273780628       0.57214528224895755       -7.1418466863726096     
                  514   2.8490420909508316       -7.1833171674970879        2.1635619678327136     
                  515   1.0323503570562593        4.6487039561375614        7.7826130386492398     
                  516   4.2818853545508659       -3.4099284004805832       -7.4253055295790462     
                  517   1.9262933681665970       -3.4173395160888655        9.2044446338359869     
                  518   5.5551933802922804        5.5511527365856237       -4.9477852778391300     
                  519   3.7122899154352353       -7.6360057195254933       -4.9019546194089054     
                  520   4.3486135101782111       -3.0027403664382066       -7.8870173410079252     
                  521  0.89388796825886629        6.0408196248315358        7.5175643930292102     
                  522   3.9895422931472240       -6.0554057917471358       -6.8646287092682856     
                  523   2.9358149561372215       -9.4025577481940132        1.9626171909019636     
                  524   4.3511131180271150       -2.9952441184547176       -7.9268583864557032     
                  525   3.0180715301006558       -7.7607776414249479       0.96352528381410429     
                  526   4.0712378474958086       -5.3867933772136052       -7.2176651882267162     
                  527   3.6858116149963962       -6.3876769597403165       -3.8656885855206080     
                  528   3.1816599974802102       -7.8696371200754163      -0.31548430018310097     
                  529   3.1495213409648386       -7.7925751196877684       -6.1786186686653255E-002
                  530   4.2625298180132631       -4.1434668896154223       -8.5807137979678956     
                  531   2.4802619026600041       -6.2080470738037210        4.8313470318743335     
                  532   4.1212284521723177       -5.3769888904391792       -8.0105579195884555     
                  533   4.1496578855392272       -5.1713128231784449       -8.1985341064841926     
                  534   2.1975730610976711       -5.4586421573959303        7.5375880309338115     
                  535   1.3507891457011851        2.1714667756606891        9.7102190136722228     
                  536   3.6479723211910766       -6.3633332714681279       -3.5292015517610387     
                  537  0.46986858204903115        6.3720950804688661        3.2357535811181339     
                  538   3.3636340904610051       -7.4913955266797370       -1.6912868481939696     
                  539   2.2565475057620006       -5.0808749236733046        6.2096836951334087     
                  540   2.9902707059653153       -7.0092353033413444        1.0688216963977777     
                  541   3.9539779001610214       -6.0883706597207272       -6.4261840013420253     
                  542   3.9516532734833163       -5.8613725774844507       -6.1578564025454705     
                  543   3.1022485503650046       -9.0391641316530542       0.35582142453921062     
                  544   3.6666605273907180       -6.1270454787117004       -3.5494631953655160     
                  545  0.76538655149897750        6.2510347095927292        6.0057244551553035     
                  546   4.1286265067259365       -4.7669460859680672       -7.2165305359577188     
                  547   4.2852604620600232       -3.5442872784631145       -7.7870728910992897     
                  548  0.89914453104358927        4.6422653217888410        5.8397221032923898     
                  549   5.0046595110144381        2.8723079509146885       -9.5461290948155639     
                  550   3.6135028621719130       -7.2376179016882620       -3.6938726931945820     
                  551   4.2617471481384825       -3.1369871486168517       -6.4834291252969658     
                  552   1.3213433419268767        1.9005401299375160        7.4601396832862177     
                  553   5.2353750155619707        4.5034474232166311       -7.8112492515025114     
                  554   3.8447560815768611       -6.5920335846980693       -5.5881365286988780     
                  555   3.4165523409723733       -9.6098593995694550       -2.7109902901755798     
                  556   2.5278126395825495       -7.1071335447465787        5.0074041230318826     
                  557   2.9019010541969692       -8.0472842592432308        1.9666746558232664     
                  558   3.7840719451562563       -6.6824073395567902       -5.0011446102335917     
                  559  0.85959153346766470        5.9915757003525254        6.9538032143405824     
                  560   1.5050166316224249       0.46480174881693614        7.0558423840592654     
                  561   3.5612711497549299E-002   7.0849316975179724       0.25242034953064030     
                  562   4.3917231552187559       -2.4486362674217732       -7.3725566030085687     
                  563   1.8067945095395999       -1.8158474560795450        7.5509493471982081     
                  564   4.1731470655510066       -3.6860990714987287       -6.1599288942752635     
                  565   4.1200661227636601       -5.2348385220988849       -7.7792291268630542     
                  566   1.1860058249623080        2.8579221582480017        7.0569787208667911     
                  567   1.4227765580803862        1.4401063015099813        9.6579897000008703     
                  568   3.3604896661534553       -8.9211359036102156       -1.9846098421949476     
                  569   2.1985905600952265       -4.3618335181255548        6.0101728350877188     
                  570   3.2847692067707612       -9.3905211620468894       -1.3537656370473241     
                  571   5.5253687672087040        6.2451520188880556       -5.9098133024617017     
                  572   3.6941642165157873       -8.4754700279365220       -5.2263902587167417     
                  573  0.87211068546139359        5.7928110657345400        6.8958421616877814     
                  574   4.7395295677433751       0.20594406214929251       -7.5861841169671917     
                  575   2.1720849163849607       -4.4489379439479606        6.4850469407160851     
                  576   3.0711946436318840       -9.1006397609241247       0.64172738686195363     
                  577   3.7366132681199815       -8.0517863944762009       -5.4498646077984354     
                  578   2.4206889807185235       -5.6191046962513793        4.9373274291963742     
                  579   3.8431025256538760       -5.5848444311580829       -4.7184827021180178     
                  580   4.0119069957261217       -5.1586960544506697       -6.1186320630518676     
                  581   6.1410288884570434        7.1457953144321040       -1.0227191588135505     
                  582   3.7490029703204470       -7.8178608198100150       -5.4339691717262699     
                  583   4.5042235919993345E-002   7.3955812373257457       0.33333897172317711     
                  584   4.0807681553969815       -5.6824991995152256       -7.7672199711912775     
                  585   4.0027216884743666       -5.3629909914731799       -6.2436567736592288     
                  586  0.97109638182973868        4.2763247596511045        6.2547129521944704     
                  587  0.61412094367381087        7.5321337012736791        5.3106859436459084     
                  588   3.8218206413678217       -6.8689606079019851       -5.5572537326821845     
                  589   4.9316154427846186        2.1157135259267474       -9.4957082545744935     
                  590   1.6578559503808492      -0.70256025655019583        8.0494762120266206     
                  591   4.3605586000500125       -2.7035157180609377       -7.3644378104162538     
                  592  0.37396599639987471        6.9069397190924260        2.7105100200795387     
                  593  0.71223407565776142        7.2444145289231070        6.2549777012533321     
                  594   2.4537383310014320       -6.8119866325609548        5.5976492477187225     
                  595   2.6752960035907449       -8.6248527745796526        4.3410238178207754     
                  596   4.1657107178580191       -4.4845080869053806       -7.3692407614323239     
                  597   4.5553832808636230       -1.4126107523951137       -8.9231430001733631     
                  598   2.6931669143117460       -8.6756036043988960        4.1739624834490030     
                  599   3.6504976478477147       -8.2844462888431849       -4.6220746895485272     
                  600  0.23936635405260631        8.6774003539915476        2.1176780273243745     
                  601   2.4612617937943924       -6.8163115941087655        5.5158189275519884     
                  602   4.9792302079836190        2.3033064801525449       -8.4258973902183190     
                  603   4.4015029695669909       -2.4309448236157580       -7.5658550033886645     
                  604   4.6558350175326950      -0.54326131446535231       -9.5958264194884322     
                  605   4.3838945700962313       -2.5116850304113432       -7.3690271606714610     
                  606   3.0013909268906787       -9.4178482380459023        1.3291186357764200     
                  607   1.6022567494122768      -0.27265556301192523        8.6637616421048556     
                  608   1.7262508650582618       -1.1184330327787144        7.1365500402379523     
                  609   4.1848858423235811       -4.5932108409813761       -7.8844217950206685     
                  610   3.5919733788902590       -6.3054749485109731       -3.0488529874547901     
                  611   3.0668532159168080       -7.8973041597042224       0.59134155702151026     
                  612   5.4707653964324550        6.5455811540608106       -6.9092425163505666     
                  613   2.8811111941190575       -9.4463540820357181        2.5178041904207227     
                  614   3.7669362601103558       -5.9504218766581127       -4.2962464737566606     
                  615   1.9651608660996089       -3.6484611977061894        8.7668386647549852     
                  616   3.8687204535751789       -6.9776276095525560       -6.2084020534639990     
                  617  0.19064359182948465        9.4002964572875385        1.8141379882926252     
                  618   5.4400623970129232        5.7620145197370976       -6.4688216781262042     
                  619   1.0030480602910075        4.0141859100059492        6.2938370572466660     
                  620   3.2211371685958738       -7.7682676477397878      -0.61922965715334388     
                  621   3.1474949437849773       -9.4940771096420189       -5.6037448964161227E-002
                  622  0.81058087377846277        6.0189106712458180        6.3299543159344527     
                  623   4.8262510582592313        1.0107206708949870       -8.8383161097810223     
                  624   5.7275903786553499        7.1941813928138210       -4.4663625010972643     
                  625   3.6085542290051080       -6.6750188103607648       -3.3652063851962799     
                  626  0.73524631587429212        5.4409870571051187        4.9208839532093283     
                  627   3.8711894124797936       -6.6980956763810813       -5.9893809124169426     
                  628   4.0372413892000623       -4.5925700587215603       -5.7359293721452742     
                  629   2.7362107300430125       -7.2256740494976768        3.1009103958116655     
                  630   2.7754396625259687       -8.5138785752475030        3.2645955639418140     
                  631   4.2090005768980632       -4.4264190912160437       -8.0376540610065366     
                  632   2.8428714926390626       -8.6327542673652466        2.6583323059495427     
                  633   3.2022785759786530       -9.1521246303646802      -0.55608794274295714     
                  634   2.3094925890154627       -6.0407862963338594        6.6331121457662139     
                  635   3.9676252198223096       -6.2660237353140067       -6.7971295114182686     
                  636   1.4633379291247479       0.78192231331505102        7.2484823118845272     
                  637   4.3596086756803629       -2.6196507441727759       -7.1150881413379610     
                  638   1.0444762101590186        4.8572874369102905        8.3604432052300783     
                  639   4.3443269585382041       -3.5085064193527629       -9.0979905821517235     
                  640   3.1560322640987124       -9.4152171198552637      -0.13596151763102218     
                  641  0.94763496967811989        5.7173407959586511        7.9551984979832477     
                  642   5.0263918728838917        2.2296178797043327       -6.8657111288533192     
                  643   2.7398539249978739       -7.5054512439667382        3.1886478950207784     
                  644   3.4861182455549624       -7.8341730361199566       -2.8111908027046391     
                  645   4.5783430104537501      -0.95464212762737533       -7.0790453060527003     
                  646   2.7098267860417877       -7.3630503074665574        3.3925994000090918     
                  647   4.8921735730315277        1.3541054471433578       -7.4504969254563926     
                  648   4.4205536742547338       -2.7126028486487703       -9.0295900596132483     
                  649   3.9706443886975080       -5.7037674917096695       -6.2248241453443356     
                  650   4.0989266536502100       -4.2727113240871226       -6.0684593970870431     
                  651   4.0708471655860876       -4.9938146514608066       -6.6856695107046198     
                  652   6.1269145395273767        8.9961429433028055       -1.4173908138666471     
                  653   3.3684749404259264       -8.2944119453076652       -1.9148240100703158     
                  654   3.6566286297718307       -6.8711502879200603       -3.8889961143091920     
                  655  0.25548064862800857        9.2429633986936874        2.4141524676696853     
                  656   1.8973339940002347       -2.3186130550031838        6.8464151814581191     
                  657   4.4530538999147211       -2.4790447855808533       -9.3439661189396226     
                  658   3.6345294195582483       -8.4424733418840798       -4.5350126767920154     
                  659  0.71878608686762391        7.0073132552549380        6.1308558180066077     
                  660   2.4432941342479353       -7.3866429357359094        6.2002294839256891     
                  661   5.7870447102664571        7.1685970070912912       -3.8803743231529690     
                  662   1.9551488465068587       -2.7975964492994501        6.9167240201103413     
                  663   3.1068527373273582       -7.8242896840534755       0.27192456902942391     
                  664   1.1151561989636889        4.0853076721679171        8.3368461994130811     
                  665   3.3502463470326802       -8.0890888473710465       -1.7127462882922075     
                  666   6.1304793299599396        8.6661659773110991       -1.3337588562969442     
                  667   4.4936480957430831       -1.5564028414872677       -7.0014342854914657     
                  668   5.4151112681230984        5.1086127867132625       -6.0317568860720563     
                  669   4.2271872079684272       -3.3657441984450887       -6.3836981878627146     
                  670   1.2077963896845176        3.2972278324429873        8.6807600285628457     
                  671   1.9272057303125507       -2.9818926837715454        8.0091865097896182     
                  672   3.9451689107805805       -5.0949442765611979       -5.2836277151721136     
                  673   3.9014087787109020E-002   8.9489744004063940       0.34931332067277759     
                  674   3.2059065324913263       -7.4103657086241954      -0.47724755336347113     
                  675   4.4703861212857987       -2.1766645596399901       -8.8180996403931609     
                  676   3.6987405107612403       -5.9426143339629132       -3.7021500467101247     
                  677   2.9109901726997123       -8.1022676186724585        1.9022419883199606     
                  678   1.5134036152163617       0.47190179186105768        8.2132997199672744     
                  679   3.2414170945069145       -9.3792190893775480      -0.93939771745753042     
                  680   4.0053342539627010       -4.6894285976580417       -5.4884325727412238     
                  681  0.45432413782424419        8.3849929347321766        4.0952255502241925     
                  682   3.0801526100960359       -8.8313353783240665       0.54328140903365429     
                  683   4.6131938670382624      -0.74312710253392644       -7.4669820105312503     
                  684   1.8985414633570485       -2.5698071621396754        7.5580919440362386     
                  685   3.0562687338846786       -9.5097480517206812       0.81338379562829588     
                  686   5.0979100734762142        3.2656338682018493       -8.0468260927744417     
                  687   5.6281680175414976        6.9524881883002445       -5.3405650159082594     
                  688   2.3028993801280535       -6.6573177362987135        7.4076206914281411     
                  689   5.4400236498989898        5.7904640880612366       -6.5012682299299804     
                  690   4.7920546239961368       0.60896364340945675       -7.6278152609299203     
                  691   5.0644589635032844        3.0985125130571634       -8.4341707360831357     
                  692   2.9364405542515897       -7.2421676713200522        1.5069466054209959     
                  693   3.9104730614430423       -6.3099693166069279       -6.1048851338715195     
                  694   3.6139137305655140       -7.4136302563856624       -3.7875446106522990     
                  695   9.6931078541786064E-002   9.4478433865280973       0.91866861115443743     
                  696   3.7201598826133022       -7.6098803003864708       -4.9701847015018208     
                  697   4.3781781898807708       -2.9873432623977738       -8.6031947022081781     
                  698   2.3778115138483145       -5.6059365085681625        5.3686614054812338     
                  699   3.3920861695233384       -8.2686065210354247       -2.1156691710205626     
                  700   3.8754939306530218       -6.2183685075910047       -5.6087687951771148     
                  701   3.3817665295958932       -9.6840841258073986       -2.3716418801882524     
                  702   5.3382823351959132        5.1961878322394917       -7.1885358334864931     
                  703   3.1871555702847445       -8.5191143598614616      -0.38842452219955198     
                  704   1.9893811074609857E-002   9.6396076011331697       0.19179383479835901     
                  705   2.3990823396632095       -6.4656483955129502        5.9335472748379106     
                  706   4.8242459712371328        1.0500891791680049       -9.3485972269071951     
                  707   5.8785523948644141        6.7352807046761436       -2.8844852624673170     
                  708   3.1114057600993874       -9.8112746568899869       0.29626189794716074     
                  709   2.1880626523886804       -5.7319867476613089        8.0756082016215505     
                  710   4.7447497195344113       0.29994021467582882       -9.2654097022880233     
                  711   3.9435735329434465       -6.4863367078989835       -6.7051067206252464     
                  712   3.8563780367842355       -6.9959962641114464       -6.0717123092808940     
                  713   3.3611544509901705       -6.8526826770419937       -1.5292402213410394     
                  714   5.2874418197806108        5.2140651189802600       -8.0449004476079793     
                  715   3.8810849018883573       -5.4528705384474350       -4.9738843042370791     
                  716   3.7600075770288868       -6.2924348703343442       -4.4771855390332638     
                  717   6.1697139337584304        7.5241502962319711      -0.85745897399420956     
                  718   4.8155084529706755       0.74912775542078003       -7.2388903639512350     
                  719   3.6009608074211883       -7.4702121198485392       -3.6952305917990298     
                  720   3.2490407453746002       -7.4082305009825129      -0.79907774242255247     
                  721   5.5421512057804989        6.5466657411264206       -5.9901179187530911     
                  722   2.4415601470859087       -7.2886242345841499        6.1395285294173192     
                  723   3.4007207993590782       -7.1746455496576127       -1.9019139089770374     
                  724   4.3455729559423162       -3.4292198141043997       -8.9255019576193479     
                  725   1.1842178977657341        2.7178644953331239        6.6768020537571884     
                  726   3.9526041552312563       -4.9753446582496892       -5.2369734314902496     
                  727   6.1182283296818696        9.3277065582333378       -1.5527800278104860     
                  728   4.4335752829987314       -2.3242496430671062       -8.1190716951812405     
                  729   3.5446011829982353       -8.9068263301221844       -3.7973725212716962     
                  730   1.2939173635851375        2.5922734505076153        9.1219984889072769     
                  731   3.8096215085815857       -6.2307608758249717       -4.9163868914812960     
                  732   4.0998910271952127       -4.8231266550489105       -6.8642581129537596     
                  733   1.0904116121685092        4.6128192954647673        8.8520820019939794     
                  734   4.0484032586445551       -5.2506643329999241       -6.7100177756693151     
                  735   2.8211418054137312       -7.5693180455352005        2.5121797540588671     
                  736   4.4290810394630853       -2.3353014881030147       -8.0212536383522899     
                  737   1.2544465674603202        3.0661984409690843        9.3669233693804728     
                  738   5.2696860639290435        4.3070691416610938       -6.9113196647530089     
                  739   4.5952806094061316       -1.0445506551026260       -8.8787091529504831     
                  740   1.8585816063051084       -1.9956233921700510        6.7419154840936217     
                  741   3.6569707081467300       -7.0745066284886402       -4.0072894826217267     
                  742   4.8674947371974895        1.4197657806943362       -9.0800111398157046     
                  743   3.5858265822601538       -8.0382851014072596       -3.8259279084204190     
                  744   2.6809424314460557       -6.8095469316806367        3.3792980113487148     
                  745   4.0716770860716451       -5.6182215633720887       -7.5346536427953561     
                  746   4.1005920090661903       -4.6236947316538108       -6.5902430361495856     
                  747   6.1260149180865255        9.0506855281360004       -1.4343297873239089     
                  748   4.4472693078631664       -2.1269376394849613       -7.8337057737645575     
                  749   4.8415562172863247        1.0061766938886705       -7.7463507097434743     
                  750   4.3904658449800422       -2.7799688687968822       -8.3351113907364844     
                  751   4.0312216770551572       -6.0695878259574778       -7.4878286904913773     
                  752  0.62412018225273869        6.2970377639842292        4.5347959490324357     
                  753   2.6472331293164757       -6.7974043038355356        3.6638080953410350     
                  754   3.9390822609126417       -5.7778156924808375       -5.9192570851832169     
                  755   3.1334146452643381       -7.3004441633575192        5.9704424160443088E-002
                  756   4.2612734367203302       -3.8375125331067039       -7.9216799583708122     
                  757   3.1622538798693540       -9.6252266936806556      -0.19889728968981890     
                  758   5.1020023911933094        3.0574861157098838       -7.4463302519570336     
                  759   3.9916085948517548       -5.6046319486021270       -6.3801410145787560     
                  760   4.3349630639895622       -3.0155432346358082       -7.6067281317347053     
                  761   4.5988297198162513      -0.95145561261856171       -8.3424477249603619     
                  762   2.8885938904230102       -8.8283940441159228        2.2824811625316488     
                  763   3.2083351161099927       -8.7670754601573684      -0.58600659695152280     
                  764   1.0991894106414293        3.9578106006398568        7.7605788357633418     
                  765   3.6513811966424328       -6.7857432415637300       -3.7937810022141258     
                  766   3.6734261941708155       -7.3812939610966959       -4.3430253527238944     
                  767   3.9121329587685523       -5.7174906139562385       -5.5500665273440237     
                  768   3.7633059876128527       -5.8901517251988667       -4.2202862842312792     
                  769   5.4484071474724942        6.6171073500245869       -7.3051475731127962     
                  770   3.7858879674250829       -7.9396579591843031       -5.9646020255957222     
                  771   1.4733018288083031       0.83910862147945298        8.5794411700301971     
                  772   1.1298527944063039        3.3558194373028312        7.1107858975979905     
                  773   3.2504225972386394       -9.9196385986552791       -1.0838360612888192     
                  774   1.8792399500009083       -2.9508813400569505        9.2616684940730778     
                  775   3.6998613388919921       -8.0076263200618669       -5.0010854449034152     
                  776   4.3573345090335920       -3.1174300600616300       -8.4080549330354604     
                  777   3.2155824953019874       -9.2525333319284631      -0.68584548662502964     
                  778   2.9186264003470228       -8.9644748172154127        2.0325698849419700     
                  779   5.8272291926784874        8.4052614533923489       -4.1221274566226906     
                  780   3.0394100755790987       -7.6109285004966427       0.78042239053052287     
                  781   3.5415617334067520       -6.7890975987591977       -2.8701369851141703     
                  782   2.8641044821033006       -7.9949263795206278        2.2772489070495445     
                  783   3.6817895260248292       -6.6402763456917837       -3.9821555738258452     
                  784   3.6214470264246188       -7.7379442499220774       -4.0270255240934025     
                  785   2.6411934099971859       -8.3664346766479110        4.5749421710651337     
                  786   5.3244663319597407        4.5312278624517219       -6.4545982612340707     
                  787   3.9904525422833785       -6.4762241612495810       -7.3551684683772613     
                  788   4.3178379375817144       -3.5281833052213414       -8.4733691923749692     
                  789   1.9750621865485982       -3.0963157844680396        7.2372448599257906     
                  790  0.68633521132971964        6.1164613973231603        5.0105653521884079     
                  791   3.6831963977423356       -7.7737412679186759       -4.6767738366267277     
                  792   5.5983242581548893        6.0295840399823932       -4.9245603723703653     
                  793   2.7840349654717897       -7.6134118969483779        2.8445006502450747     
                  794   4.5344492873729791       -1.6166995960771744       -8.9895655516753639     
                  795  0.12075844466573926        9.8087144750183697        1.1902765129777813     
                  796   1.6951435967188786       -1.1365617824611887        9.0930649631745535     
                  797   5.3954059960725544        6.1724483866156827       -7.5859960629553314     
                  798   2.7255096208343730       -6.6176065687191974        2.9242052596219774     
                  799   2.3061437704134846       -6.0410799034304983        6.6782222498522446     
                  800   2.9574222393517857       -7.9253668508630426        1.4763479173761673     
                  801   4.1808965951441337       -3.7955774901885500       -6.4559038190400253     
                  802   4.4464782400203831       -2.0342446877654141       -7.4689386138264160     
                  803   3.9819360957554863       -6.1216722388513736       -6.8342565983955517     
                  804  0.26452375649512305        9.5726631145257297        2.5929597247558491     
                  805   3.5197979733385978       -7.0582350014892423       -2.8044712640492726     
                  806   5.7741294900781668        6.6801680083071577       -3.7283338237739532     
                  807   2.9023549526371539       -7.5020710995192967        1.8298219318196172     
                  808   4.1356388037805232       -4.4405709556042616       -6.8260449640336391     
                  809   3.2419337211961192       -7.1545924337029376      -0.72031853550501745     
                  810   1.6947846387081995       -1.0897470743221032        8.7440264482319137     
                  811   2.9961578533936972       -7.7046773731490532        1.1284958336949886     
                  812   6.2716254147692894        8.4609355557685770       -9.7811861656588006E-002
                  813   5.8060751111736408        6.7123101740787057       -3.4698838240654371     
                  814   3.1903937940380445       -8.0319647081291254      -0.39228049929647940     
                  815   5.8584322603072110        8.9802880127987503       -4.0616553899415155     
                  816   4.2395319731777477       -4.4991556782286795       -8.7948799850679595     
                  817   2.9505854946273757       -8.6084957603208974        1.6645770559162196     
                  818   9.7294057147792046E-002   7.2224873599414057       0.70493082604578639     
                  819  0.75097290299515862        7.1864123164865203        6.7079076920962946     
