                    1   5.1276250183075636        2.9159682215103717       -6.6141134452678578     
                    2   5.0319532771515654        3.0369892700979353       -9.1778026811496236     
                    3   5.1733270725835556        4.2625892896518058       -8.5832411509192355     
                    4   5.2906871156627364        5.0892453507657063       -7.7967566255569798     
                    5   5.2585912081015493        5.0094974291142282       -8.2407690794668298     
                    6   5.4209419135428929        5.3044374664891274       -6.1894289802831972     
                    7   5.3659020508450750        4.5361786921077378       -5.9237403670967881     
                    8   5.3931772374903071        4.9276261451892127       -6.0837449489993540     
                    9   5.2001374742242108        4.3508385019704825       -8.2013991281191529     
                   10   5.1269010776120103        3.3300537048598455       -7.5681966512155734     
                   11   5.2822998097108220        4.7309438935854811       -7.3823787026134893     
                   12   5.3871656739110829        4.4807259749112864       -5.6004969955174806     
                   13   5.2591820002752936        4.1099125313094289       -6.7519356278206351     
                   14   5.1531775958539781        3.0789982407651206       -6.5268373962014534     
                   15   5.1307376472342527        3.7724023830799402       -8.4850625402918425     
                   16   4.8973144003150706        1.5714304639328631       -8.4005570543357440     
                   17   5.1880251584636081        3.3610029853765697       -6.5252461981206800     
                   18   5.1862814561925381        4.0870036024400891       -7.9688496138884544     
                   19   5.3626864078867094        4.4957015203199067       -5.9101567663589147     
                   20   5.3256508280417778        5.2274802867809855       -7.4276644865267665     
                   21   4.9165193127892213        1.4193073399293181       -6.8561028846860239     
                   22   5.1400597051937957        3.4518085678689441       -7.5729969468832028     
                   23   4.8016514463060371       0.73337369783136541       -8.1940921773254001     
                   24   4.8173663758831182       0.98771572168806543       -9.3742539143784054     
                   25   4.8415657797190859       0.92993308921965578       -7.1588307095247261     
                   26   5.0548159640912482        3.1333140950906642       -8.7898419555884910     
                   27   5.0272487025898016        2.7400853699937584       -8.4130595753855246     
                   28   5.1500878755371380        3.1805632147323086       -6.7964752536303301     
                   29   5.1152572041759834        3.1298125482836210       -7.3439046901288316     
                   30   5.3075305437925078        5.3508777021607710       -7.9034808168752235     
                   31   5.2866126720071556        4.7171250732281065       -7.2913994385183214     
                   32   5.1553572629344977        3.7577009061004278       -7.9207582085233241     
                   33   5.2981808661549552        5.5062334052248696       -8.2990431639615849     
                   34   4.9923067346415175        2.4052883504235294       -8.3672307786949816     
                   35   5.2063666394914279        3.6280965682815776       -6.7373078944852560     
                   36   4.4497439172016335       -2.3329114378210902       -8.6771850286977568     
                   37   4.3616574149675174       -2.5415969196060564       -6.9469537028363861     
                   38   5.0862617738625122        3.2065979056458667       -8.1733142081895949     
                   39   5.1340981747150032        3.4076370152623010       -7.5957499780003586     
                   40   5.2002063034045047        4.4490785987045287       -8.3851891031766517     
                   41   5.2263181204679761        4.4682597287235772       -7.9150280574309999     
                   42   5.2926883144566199        4.9931860669083061       -7.6162505048566373     
                   43   5.1573498121724564        3.3409508902279486       -7.0062184217940429     
                   44   5.0784835969199129        3.0552808922316705       -7.9693894691174680     
                   45   5.1632688982524462        3.6491003767822536       -7.5372714382672816     
                   46   4.9059556603135839        1.9178818496645091       -9.7840635614403677     
                   47   4.2071910404996400       -4.2928679764480577       -7.7618747705705644     
                   48   4.3277496193916676       -3.1999044942047337       -7.9048589053702969     
                   49   4.7151923166408061        2.7028374337258389E-002  -9.6414775343757206     
                   50   5.1434274245292366        3.6665832226332840       -7.9729392264484060     
                   51   5.0936297576823062        3.5002300637955477       -8.7319726806515163     
                   52   5.0905995811452129        2.7055374569440933       -6.8091356624204806     
                   53   5.2827805324937733        5.3001267889460228       -8.2618120001730677     
                   54   5.1359269293538681        4.0700531957990229       -9.0280555428524192     
                   55   5.2210806725548657        4.5149427727907989       -8.0964852153299809     
                   56   5.1857005041034254        4.2525153741168387       -8.3034410346621712     
                   57   4.6104783017690751      -0.94240104815405867       -9.2152880778938524     
                   58   4.9754914490448359        1.8260670291480168       -6.7796249698532112     
                   59   4.5692150763115622       -1.3678962434535160       -9.4887174130140188     
                   60   5.1389963898577093        3.0539809120904393       -6.7191162193841567     
                   61   5.2194924342444180        3.7505027845568093       -6.7508263058206284     
                   62   5.2716409931277308        4.0177936624520019       -6.4191438415361430     
                   63   4.9754093457613973        1.8921499459266884       -7.0272679383511090     
                   64   5.1320535404397916        3.3958020895696808       -7.6110003554443226     
                   65   4.4485469224228860       -1.9432105602548797       -7.1933536763207080     
                   66   5.0471986975873859        2.9157634247548625       -8.3808513086360747     
                   67   4.3265720139967581       -3.5862329989588759       -8.8293140545387221     
                   68   4.6448099425744802      -0.50122055303593316       -7.4055110044882424     
                   69   4.9836891736493403        2.5623578238105953       -9.2118649638208243     
                   70   5.1228006720535841        2.8762075376020784       -6.6101364040910360     
                   71   4.9962030524453622        2.0227376787850155       -6.9345856021345567     
                   72   5.0990696233661224        3.5660369154644931       -8.7578887963264780     
                   73   5.2857495939910946        4.5811707161996953       -7.0946695810182119     
                   74   5.2388328667650166        4.8651078779749923       -8.3715183017140244     
                   75   5.1426462683339471        3.9554792913175532       -8.6188700912469542     
                   76   5.2259985562570526        3.8995565161201187       -6.9127924991298135     
                   77   5.1620137806479480        3.6462278993999480       -7.5555021194843333     
                   78   5.2186602262246380        4.8403979330674520       -8.7297196674460373     
                   79   5.1268870672438753        3.4313451609725258       -7.7986976396002277     
                   80   4.8501842827832542        1.0954862518682504       -7.8997172521005945     
                   81   5.0730445362667549        2.9481257120817377       -7.8168214612384848     
                   82   4.7455098902717436       0.32638015903054735       -9.8505990822405547     
                   83   5.1179975649534413        3.2132605982682367       -7.4827896153151157     
                   84   5.2699237656422007        4.7300868188732226       -7.5860952392969487     
                   85   5.1923024305558121        3.2462616554694161       -6.2368038595314665     
                   86   5.2382202267565807        4.0810203759456236       -7.0322319163390121     
                   87   5.2079276868096960        4.3700580709504901       -8.0848580462323749     
                   88   4.8938402516929411        1.6064923809552851       -8.7561940340463433     
                   89   4.6909924034215251      -0.16264321403170587       -7.6002060267598006     
                   90   4.8640647237551429        1.4200940056593083       -9.2907885600264812     
                   91   5.1663076372311041        3.5300507106373091       -7.2352331149293549     
                   92   5.1239669240390127        3.6659672164844035       -8.3983864423874106     
                   93   4.9250080242321896        1.7129214863086772       -7.9345264416921628     
                   94   5.0454915133384128        2.5541527107767807       -7.3820488204630292     
                   95   5.0177823505316876        2.6418179270894555       -8.3799228425787842     
                   96   5.1984488939769706        4.5027491707368394       -8.5224834866713426     
                   97   5.2733284186142093        4.1281610528290713       -6.5707948699004186     
                   98   5.2460212483100683        3.9278671238736331       -6.6483121832899092     
                   99   4.9967944031080460        2.3209254565275619       -7.9393994509667962     
                  100   4.9909837246876023        2.0077246716794472       -7.0191944867837117     
                  101   5.0447317350450334        2.8718070709511889       -8.3205913222462495     
                  102   5.1203943516274997        3.8199052500175918       -8.8370171957214509     
                  103   5.1035013934019116        3.0686447419266822       -7.4417387092543716     
                  104   5.2122366424008097        4.0702601951535016       -7.4532597290682610     
                  105   5.2819095516247545        4.4123186419059106       -6.8910999174566845     
                  106   5.2975781024047066        4.6378820379601020       -6.9994108343807584     
                  107   5.2131614725730806        4.3779068865806243       -7.9990119982359866     
                  108   5.2312967724192703        4.3575752200743523       -7.6299773300553264     
                  109   5.1324839102734181        3.5529747069078010       -7.9540693578009840     
                  110   5.1372264125340106        3.2043366342925794       -7.0831710672070569     
                  111   5.0469435154064684        2.8120387601133690       -8.0893638665932883     
                  112   4.9759517675925018        2.0759029111631846       -7.6930854981630388     
                  113   5.2115149895353747        3.4683646494205314       -6.3620083562805734     
                  114   5.1132602932911029        3.8462244196830930       -9.0751225038639909     
                  115   5.3433193524338582        5.8579594225019118       -8.0186630579480198     
                  116   5.2151371287156216        4.1536036539749492       -7.5537070868770266     
                  117   5.3680246457048435        4.7937056757157812       -6.2325906388810948     
                  118   5.2920706601118708        5.4658948635723847       -8.3485282461074988     
                  119   5.2274387883764621        4.7880578008030161       -8.4593561500489844     
                  120   5.2625194740039438        4.9357529558861923       -8.0480604910396316     
                  121   5.2669831660014266        4.7222032660607427       -7.6232902509561482     
                  122   5.1534521182671362        3.9607532768555882       -8.3900053974862789     
                  123   5.2722898647591707        4.8818998338284567       -7.7884660298500368     
                  124   5.1745273610012097        4.1740119142276582       -8.3796169010529038     
                  125   5.0433743931959283        2.4863313001458462       -7.2355682854374699     
                  126   5.0841079554309703        2.6772245695735442       -6.8674595829076361     
                  127   5.1263906351987067        3.3440909962767660       -7.6106350462516472     
                  128   5.2272895894880893        3.8129252840847694       -6.7388748125553688     
                  129   5.2830493499113942        4.7121205409139435       -7.3408879431918024     
                  130   5.2424571078244400        4.8211151532994130       -8.2270391846540729     
                  131   5.3515098327608595        4.7041046617735160       -6.3297127886236160     
                  132   5.3992251183854929        6.2141195043096875       -7.5779087729479748     
                  133   5.2610289757848037        4.7868725131059335       -7.8314694948523362     
                  134   5.2778591453403685        4.2177996809131599       -6.6464314072558555     
                  135   5.3028575295388318        4.4020913932503554       -6.5679872517359899     
                  136   5.1865780535916972        4.1424831612964619       -8.0711275592616811     
                  137   5.1561861426300881        3.3426863427111528       -7.0309051032269867     
                  138   5.3383698799932855        4.7618038246375587       -6.5863836054018963     
                  139   5.3123546217826272        5.1570632595815500       -7.5386142578393418     
                  140   5.2483556941347995        5.0457857571681775       -8.4951564978251106     
                  141   5.2992077486131368        5.0741429179994668       -7.6307717013143472     
                  142   5.1159868520086249        3.8408571657917241       -8.9941242811401434     
                  143   5.2057042236711863        3.4260728630792783       -6.3722615950404977     
                  144   5.1813538611463441        4.0700104427156694       -8.0329517497765917     
                  145   5.1716166443243825        3.5733972478867551       -7.2264704387892644     
                  146   5.2198412459971459        3.6392950075581223       -6.5452757354204811     
                  147   5.4425217599369971        5.1630086552247194       -5.7677150668946631     
                  148   5.2853596779618330        4.9740878262346095       -7.7097590461402490     
                  149   5.3890531235693695        6.2103747832015115       -7.7324358575148979     
                  150   5.4002752564794152        4.8220958353778220       -5.8678047139929452     
                  151   5.1779313944824894        3.4342196141038772       -6.8360261382481227     
                  152   5.1771259139969796        3.4609060632048929       -6.9030028470284108     
                  153   5.1987908363975004        3.8065764822379236       -7.1988565583457982     
                  154   5.0988052761178544        2.7099922312386435       -6.6605550663302537     
                  155   5.3697858645926244        5.3844450649199294       -6.9751916501435440     
                  156   5.1806326811334733        3.5143741824643477       -6.9487214922322211     
                  157   5.3891309348330010        5.2990684540950284       -6.5967318543324591     
                  158   5.4876252744933058        5.2884257372069969       -5.3970135118969376     
                  159   5.3664882799584763        4.8928314473449523       -6.3817349906300862     
                  160   5.3305119145530258        5.7116707247666190       -8.0323990707198956     
                  161   5.3094360935978591        5.5539362123910658       -8.1698291486038777     
                  162   5.2499583737967397        4.4896283751984720       -7.5312849556472283     
                  163   5.3285529554116868        4.1937730114346605       -5.9222900184460094     
                  164   5.2518771430038527        5.0499450248517652       -8.4343703282585771     
